103	0	1
104	0	1
102	1	1
103	1	1
104	1	1
105	1	1
100	2	1
101	2	1
102	2	1
103	2	1
104	2	1
105	2	1
106	2	1
107	2	1
108	2	1
109	2	1
110	2	1
111	2	1
112	2	1
113	2	1
87	3	1
88	3	1
89	3	1
90	3	1
91	3	1
92	3	1
93	3	1
94	3	1
95	3	1
96	3	1
97	3	1
98	3	1
99	3	1
100	3	1
101	3	1
102	3	1
103	3	1
104	3	1
105	3	1
106	3	1
107	3	1
108	3	1
109	3	1
110	3	1
111	3	1
112	3	1
113	3	1
114	3	1
115	3	1
85	4	1
86	4	1
87	4	1
88	4	1
89	4	1
90	4	1
91	4	1
92	4	1
93	4	1
94	4	1
95	4	1
96	4	1
97	4	1
98	4	1
99	4	1
100	4	1
101	4	1
102	4	1
103	4	1
104	4	1
105	4	1
106	4	1
107	4	1
108	4	1
109	4	1
110	4	1
111	4	1
112	4	1
113	4	1
114	4	1
115	4	1
116	4	1
83	5	1
84	5	1
85	5	1
86	5	1
87	5	1
88	5	1
89	5	1
90	5	1
91	5	1
92	5	1
93	5	1
94	5	1
95	5	1
96	5	1
97	5	1
98	5	1
99	5	1
100	5	1
101	5	1
102	5	1
103	5	1
104	5	1
105	5	1
106	5	1
107	5	1
108	5	1
109	5	1
110	5	1
111	5	1
112	5	1
113	5	1
114	5	1
115	5	1
116	5	1
117	5	1
82	6	1
83	6	1
84	6	1
85	6	1
86	6	1
87	6	1
88	6	1
89	6	1
90	6	1
91	6	1
92	6	1
93	6	1
94	6	1
95	6	1
96	6	1
97	6	1
98	6	1
99	6	1
100	6	1
101	6	1
102	6	1
103	6	1
104	6	1
105	6	1
106	6	1
107	6	1
108	6	1
109	6	1
110	6	1
111	6	1
112	6	1
113	6	1
114	6	1
115	6	1
116	6	1
117	6	1
118	6	1
81	7	1
82	7	1
83	7	1
84	7	1
85	7	1
86	7	1
87	7	1
88	7	1
89	7	1
90	7	1
91	7	1
92	7	1
93	7	1
94	7	1
95	7	1
96	7	1
97	7	1
98	7	1
99	7	1
100	7	1
101	7	1
102	7	1
103	7	1
104	7	1
105	7	1
106	7	1
107	7	1
108	7	1
109	7	1
110	7	1
111	7	1
112	7	1
113	7	1
114	7	1
115	7	1
116	7	1
117	7	1
118	7	1
119	7	1
80	8	1
81	8	1
82	8	1
83	8	1
84	8	1
85	8	1
86	8	1
87	8	1
88	8	1
89	8	1
90	8	1
91	8	1
92	8	1
93	8	1
94	8	1
95	8	1
96	8	1
97	8	1
98	8	1
99	8	1
100	8	1
101	8	1
102	8	1
103	8	1
104	8	1
105	8	1
106	8	1
107	8	1
108	8	1
109	8	1
110	8	1
111	8	1
112	8	1
113	8	1
114	8	1
115	8	1
116	8	1
117	8	1
118	8	1
119	8	1
125	8	1
126	8	1
127	8	1
79	9	1
80	9	1
81	9	1
82	9	1
83	9	1
84	9	1
85	9	1
86	9	1
87	9	1
88	9	1
89	9	1
90	9	1
91	9	1
92	9	1
93	9	1
94	9	1
95	9	1
96	9	1
97	9	1
98	9	1
99	9	1
100	9	1
101	9	1
102	9	1
103	9	1
104	9	1
105	9	1
106	9	1
107	9	1
108	9	1
109	9	1
110	9	1
111	9	1
112	9	1
113	9	1
114	9	1
115	9	1
116	9	1
117	9	1
118	9	1
119	9	1
124	9	1
125	9	1
126	9	1
127	9	1
77	10	1
78	10	1
79	10	1
80	10	1
81	10	1
82	10	1
83	10	1
84	10	1
85	10	1
86	10	1
87	10	1
88	10	1
89	10	1
90	10	1
91	10	1
92	10	1
93	10	1
94	10	1
95	10	1
96	10	1
97	10	1
98	10	1
99	10	1
100	10	1
101	10	1
102	10	1
103	10	1
104	10	1
105	10	1
106	10	1
107	10	1
108	10	1
109	10	1
110	10	1
111	10	1
112	10	1
113	10	1
114	10	1
115	10	1
116	10	1
117	10	1
118	10	1
119	10	1
123	10	1
124	10	1
125	10	1
126	10	1
74	11	1
75	11	1
76	11	1
77	11	1
78	11	1
79	11	1
80	11	1
81	11	1
82	11	1
83	11	1
84	11	1
85	11	1
86	11	1
87	11	1
88	11	1
89	11	1
90	11	1
91	11	1
92	11	1
93	11	1
94	11	1
95	11	1
96	11	1
97	11	1
98	11	1
99	11	1
100	11	1
101	11	1
102	11	1
103	11	1
104	11	1
105	11	1
106	11	1
107	11	1
108	11	1
109	11	1
110	11	1
111	11	1
112	11	1
113	11	1
114	11	1
115	11	1
116	11	1
117	11	1
118	11	1
119	11	1
122	11	1
123	11	1
124	11	1
125	11	1
68	12	1
69	12	1
70	12	1
71	12	1
72	12	1
73	12	1
74	12	1
75	12	1
76	12	1
77	12	1
78	12	1
79	12	1
80	12	1
81	12	1
82	12	1
83	12	1
84	12	1
85	12	1
86	12	1
87	12	1
88	12	1
89	12	1
90	12	1
91	12	1
92	12	1
93	12	1
94	12	1
95	12	1
96	12	1
97	12	1
98	12	1
99	12	1
100	12	1
101	12	1
102	12	1
103	12	1
104	12	1
105	12	1
106	12	1
107	12	1
108	12	1
109	12	1
110	12	1
111	12	1
112	12	1
113	12	1
114	12	1
115	12	1
116	12	1
117	12	1
118	12	1
119	12	1
120	12	1
121	12	1
122	12	1
123	12	1
124	12	1
125	12	1
68	13	1
69	13	1
70	13	1
71	13	1
72	13	1
73	13	1
74	13	1
75	13	1
76	13	1
77	13	1
78	13	1
79	13	1
80	13	1
81	13	1
82	13	1
83	13	1
84	13	1
85	13	1
86	13	1
87	13	1
88	13	1
89	13	1
90	13	1
91	13	1
92	13	1
93	13	1
94	13	1
95	13	1
96	13	1
97	13	1
98	13	1
99	13	1
100	13	1
101	13	1
102	13	1
103	13	1
104	13	1
105	13	1
106	13	1
107	13	1
108	13	1
109	13	1
110	13	1
111	13	1
112	13	1
113	13	1
114	13	1
115	13	1
116	13	1
117	13	1
118	13	1
119	13	1
120	13	1
121	13	1
122	13	1
123	13	1
124	13	1
125	13	1
126	13	1
69	14	1
70	14	1
71	14	1
72	14	1
73	14	1
74	14	1
75	14	1
76	14	1
77	14	1
78	14	1
79	14	1
80	14	1
81	14	1
82	14	1
83	14	1
84	14	1
85	14	1
86	14	1
87	14	1
88	14	1
89	14	1
90	14	1
91	14	1
92	14	1
93	14	1
94	14	1
95	14	1
96	14	1
97	14	1
98	14	1
99	14	1
100	14	1
101	14	1
102	14	1
103	14	1
104	14	1
105	14	1
106	14	1
107	14	1
108	14	1
109	14	1
110	14	1
111	14	1
112	14	1
113	14	1
114	14	1
115	14	1
116	14	1
117	14	1
118	14	1
119	14	1
120	14	1
121	14	1
122	14	1
123	14	1
124	14	1
125	14	1
126	14	1
127	14	1
128	14	1
129	14	1
132	14	1
133	14	1
134	14	1
135	14	1
136	14	1
137	14	1
138	14	1
139	14	1
140	14	1
141	14	1
142	14	1
143	14	1
71	15	1
72	15	1
73	15	1
74	15	1
75	15	1
76	15	1
77	15	1
78	15	1
79	15	1
80	15	1
81	15	1
82	15	1
83	15	1
84	15	1
85	15	1
86	15	1
87	15	1
88	15	1
89	15	1
90	15	1
91	15	1
92	15	1
93	15	1
94	15	1
95	15	1
96	15	1
97	15	1
98	15	1
99	15	1
100	15	1
101	15	1
102	15	1
103	15	1
104	15	1
105	15	1
106	15	1
107	15	1
108	15	1
109	15	1
110	15	1
111	15	1
112	15	1
113	15	1
114	15	1
115	15	1
116	15	1
117	15	1
118	15	1
119	15	1
120	15	1
121	15	1
122	15	1
123	15	1
124	15	1
125	15	1
126	15	1
127	15	1
128	15	1
129	15	1
130	15	1
131	15	1
132	15	1
133	15	1
134	15	1
135	15	1
136	15	1
137	15	1
138	15	1
139	15	1
140	15	1
141	15	1
142	15	1
143	15	1
144	15	1
72	16	1
73	16	1
74	16	1
75	16	1
76	16	1
77	16	1
78	16	1
79	16	1
80	16	1
81	16	1
82	16	1
83	16	1
84	16	1
85	16	1
86	16	1
87	16	1
88	16	1
89	16	1
90	16	1
91	16	1
92	16	1
93	16	1
94	16	1
95	16	1
96	16	1
97	16	1
98	16	1
99	16	1
100	16	1
101	16	1
102	16	1
103	16	1
104	16	1
105	16	1
106	16	1
107	16	1
108	16	1
109	16	1
110	16	1
111	16	1
112	16	1
113	16	1
114	16	1
115	16	1
116	16	1
117	16	1
118	16	1
119	16	1
120	16	1
121	16	1
122	16	1
123	16	1
124	16	1
125	16	1
126	16	1
127	16	1
128	16	1
129	16	1
130	16	1
131	16	1
132	16	1
133	16	1
134	16	1
135	16	1
136	16	1
137	16	1
138	16	1
139	16	1
140	16	1
141	16	1
142	16	1
143	16	1
144	16	1
145	16	1
72	17	1
73	17	1
74	17	1
75	17	1
76	17	1
77	17	1
78	17	1
79	17	1
80	17	1
81	17	1
82	17	1
83	17	1
84	17	1
85	17	1
86	17	1
87	17	1
88	17	1
89	17	1
90	17	1
91	17	1
92	17	1
93	17	1
94	17	1
95	17	1
96	17	1
97	17	1
98	17	1
99	17	1
100	17	1
101	17	1
102	17	1
103	17	1
104	17	1
105	17	1
106	17	1
107	17	1
108	17	1
109	17	1
110	17	1
111	17	1
112	17	1
113	17	1
114	17	1
115	17	1
116	17	1
117	17	1
118	17	1
119	17	1
120	17	1
121	17	1
122	17	1
123	17	1
124	17	1
125	17	1
126	17	1
127	17	1
128	17	1
129	17	1
130	17	1
131	17	1
132	17	1
133	17	1
134	17	1
135	17	1
136	17	1
137	17	1
138	17	1
139	17	1
140	17	1
141	17	1
142	17	1
143	17	1
144	17	1
145	17	1
72	18	1
73	18	1
74	18	1
75	18	1
76	18	1
77	18	1
78	18	1
79	18	1
80	18	1
81	18	1
82	18	1
83	18	1
84	18	1
85	18	1
86	18	1
87	18	1
88	18	1
89	18	1
90	18	1
91	18	1
92	18	1
93	18	1
94	18	1
95	18	1
96	18	1
97	18	1
98	18	1
99	18	1
100	18	1
101	18	1
102	18	1
103	18	1
104	18	1
105	18	1
106	18	1
107	18	1
108	18	1
109	18	1
110	18	1
111	18	1
112	18	1
113	18	1
114	18	1
115	18	1
116	18	1
117	18	1
118	18	1
119	18	1
120	18	1
121	18	1
122	18	1
123	18	1
124	18	1
125	18	1
126	18	1
127	18	1
128	18	1
129	18	1
130	18	1
131	18	1
132	18	1
133	18	1
134	18	1
135	18	1
136	18	1
137	18	1
138	18	1
139	18	1
140	18	1
141	18	1
142	18	1
143	18	1
144	18	1
145	18	1
146	18	1
72	19	1
73	19	1
74	19	1
75	19	1
76	19	1
77	19	1
78	19	1
79	19	1
80	19	1
81	19	1
82	19	1
83	19	1
84	19	1
85	19	1
86	19	1
87	19	1
88	19	1
89	19	1
90	19	1
91	19	1
92	19	1
93	19	1
94	19	1
95	19	1
96	19	1
97	19	1
98	19	1
99	19	1
100	19	1
101	19	1
102	19	1
103	19	1
104	19	1
105	19	1
106	19	1
107	19	1
108	19	1
109	19	1
110	19	1
111	19	1
112	19	1
113	19	1
114	19	1
115	19	1
116	19	1
117	19	1
118	19	1
119	19	1
120	19	1
121	19	1
122	19	1
123	19	1
124	19	1
125	19	1
126	19	1
127	19	1
128	19	1
129	19	1
130	19	1
131	19	1
132	19	1
133	19	1
134	19	1
135	19	1
136	19	1
137	19	1
138	19	1
139	19	1
140	19	1
141	19	1
142	19	1
143	19	1
144	19	1
145	19	1
146	19	1
71	20	1
72	20	1
73	20	1
74	20	1
75	20	1
76	20	1
77	20	1
78	20	1
79	20	1
80	20	1
81	20	1
82	20	1
83	20	1
84	20	1
85	20	1
86	20	1
87	20	1
88	20	1
89	20	1
90	20	1
91	20	1
92	20	1
93	20	1
94	20	1
95	20	1
96	20	1
97	20	1
98	20	1
99	20	1
100	20	1
101	20	1
102	20	1
103	20	1
104	20	1
105	20	1
106	20	1
107	20	1
108	20	1
109	20	1
110	20	1
111	20	1
112	20	1
113	20	1
114	20	1
115	20	1
116	20	1
117	20	1
118	20	1
119	20	1
120	20	1
121	20	1
122	20	1
123	20	1
124	20	1
125	20	1
126	20	1
127	20	1
128	20	1
129	20	1
130	20	1
131	20	1
132	20	1
133	20	1
134	20	1
135	20	1
136	20	1
137	20	1
138	20	1
139	20	1
140	20	1
141	20	1
142	20	1
143	20	1
144	20	1
145	20	1
146	20	1
68	21	1
69	21	1
70	21	1
71	21	1
72	21	1
73	21	1
74	21	1
75	21	1
76	21	1
77	21	1
78	21	1
79	21	1
80	21	1
81	21	1
82	21	1
83	21	1
84	21	1
85	21	1
86	21	1
87	21	1
88	21	1
89	21	1
90	21	1
91	21	1
92	21	1
93	21	1
94	21	1
95	21	1
96	21	1
97	21	1
98	21	1
99	21	1
100	21	1
101	21	1
102	21	1
103	21	1
104	21	1
105	21	1
106	21	1
107	21	1
108	21	1
109	21	1
110	21	1
111	21	1
112	21	1
113	21	1
114	21	1
115	21	1
116	21	1
117	21	1
118	21	1
119	21	1
120	21	1
121	21	1
122	21	1
123	21	1
124	21	1
125	21	1
126	21	1
127	21	1
128	21	1
129	21	1
130	21	1
131	21	1
132	21	1
133	21	1
134	21	1
135	21	1
136	21	1
137	21	1
138	21	1
139	21	1
140	21	1
141	21	1
142	21	1
143	21	1
144	21	1
145	21	1
146	21	1
64	22	1
65	22	1
66	22	1
67	22	1
68	22	1
69	22	1
70	22	1
71	22	1
72	22	1
73	22	1
74	22	1
75	22	1
76	22	1
77	22	1
78	22	1
79	22	1
80	22	1
81	22	1
82	22	1
83	22	1
84	22	1
85	22	1
86	22	1
87	22	1
88	22	1
89	22	1
90	22	1
91	22	1
92	22	1
93	22	1
94	22	1
95	22	1
96	22	1
97	22	1
98	22	1
99	22	1
100	22	1
101	22	1
102	22	1
103	22	1
104	22	1
105	22	1
106	22	1
107	22	1
108	22	1
109	22	1
110	22	1
111	22	1
112	22	1
113	22	1
114	22	1
115	22	1
116	22	1
117	22	1
118	22	1
119	22	1
120	22	1
121	22	1
122	22	1
123	22	1
124	22	1
125	22	1
126	22	1
127	22	1
128	22	1
129	22	1
130	22	1
131	22	1
132	22	1
133	22	1
134	22	1
135	22	1
136	22	1
137	22	1
138	22	1
139	22	1
140	22	1
141	22	1
142	22	1
143	22	1
144	22	1
145	22	1
146	22	1
147	22	1
62	23	1
63	23	1
64	23	1
65	23	1
66	23	1
67	23	1
68	23	1
69	23	1
70	23	1
71	23	1
72	23	1
73	23	1
74	23	1
75	23	1
76	23	1
77	23	1
78	23	1
79	23	1
80	23	1
81	23	1
82	23	1
83	23	1
84	23	1
85	23	1
86	23	1
87	23	1
88	23	1
89	23	1
90	23	1
91	23	1
92	23	1
93	23	1
94	23	1
95	23	1
96	23	1
97	23	1
98	23	1
99	23	1
100	23	1
101	23	1
102	23	1
103	23	1
104	23	1
105	23	1
106	23	1
107	23	1
108	23	1
109	23	1
110	23	1
111	23	1
112	23	1
113	23	1
114	23	1
115	23	1
116	23	1
117	23	1
118	23	1
119	23	1
120	23	1
121	23	1
122	23	1
123	23	1
124	23	1
125	23	1
126	23	1
127	23	1
128	23	1
129	23	1
130	23	1
131	23	1
132	23	1
133	23	1
134	23	1
135	23	1
136	23	1
137	23	1
138	23	1
139	23	1
140	23	1
141	23	1
142	23	1
143	23	1
144	23	1
145	23	1
146	23	1
147	23	1
61	24	1
62	24	1
63	24	1
64	24	1
65	24	1
66	24	1
67	24	1
68	24	1
69	24	1
70	24	1
71	24	1
72	24	1
73	24	1
74	24	1
75	24	1
76	24	1
77	24	1
78	24	1
79	24	1
80	24	1
81	24	1
82	24	1
83	24	1
84	24	1
85	24	1
86	24	1
87	24	1
88	24	1
89	24	1
90	24	1
91	24	1
92	24	1
93	24	1
94	24	1
95	24	1
96	24	1
97	24	1
98	24	1
99	24	1
100	24	1
101	24	1
102	24	1
103	24	1
104	24	1
105	24	1
106	24	1
107	24	1
108	24	1
109	24	1
110	24	1
111	24	1
112	24	1
113	24	1
114	24	1
115	24	1
116	24	1
117	24	1
118	24	1
119	24	1
120	24	1
121	24	1
122	24	1
123	24	1
124	24	1
125	24	1
126	24	1
127	24	1
128	24	1
129	24	1
130	24	1
131	24	1
132	24	1
133	24	1
134	24	1
135	24	1
136	24	1
137	24	1
138	24	1
139	24	1
140	24	1
141	24	1
142	24	1
143	24	1
144	24	1
145	24	1
146	24	1
147	24	1
148	24	1
60	25	1
61	25	1
62	25	1
63	25	1
64	25	1
65	25	1
66	25	1
67	25	1
68	25	1
69	25	1
70	25	1
71	25	1
72	25	1
73	25	1
74	25	1
75	25	1
76	25	1
77	25	1
78	25	1
79	25	1
80	25	1
81	25	1
82	25	1
83	25	1
84	25	1
85	25	1
86	25	1
87	25	1
88	25	1
89	25	1
90	25	1
91	25	1
92	25	1
93	25	1
94	25	1
95	25	1
96	25	1
97	25	1
98	25	1
99	25	1
100	25	1
101	25	1
102	25	1
103	25	1
104	25	1
105	25	1
106	25	1
107	25	1
108	25	1
109	25	1
110	25	1
111	25	1
112	25	1
113	25	1
114	25	1
115	25	1
116	25	1
117	25	1
118	25	1
119	25	1
120	25	1
121	25	1
122	25	1
123	25	1
124	25	1
125	25	1
126	25	1
127	25	1
128	25	1
129	25	1
130	25	1
131	25	1
132	25	1
133	25	1
134	25	1
135	25	1
136	25	1
137	25	1
138	25	1
139	25	1
140	25	1
141	25	1
142	25	1
143	25	1
144	25	1
145	25	1
146	25	1
147	25	1
148	25	1
59	26	1
60	26	1
61	26	1
62	26	1
63	26	1
64	26	1
65	26	1
66	26	1
67	26	1
68	26	1
69	26	1
70	26	1
71	26	1
72	26	1
73	26	1
74	26	1
75	26	1
76	26	1
77	26	1
78	26	1
79	26	1
80	26	1
81	26	1
82	26	1
83	26	1
84	26	1
85	26	1
86	26	1
87	26	1
88	26	1
89	26	1
90	26	1
91	26	1
92	26	1
93	26	1
94	26	1
95	26	1
96	26	1
97	26	1
98	26	1
99	26	1
100	26	1
101	26	1
102	26	1
103	26	1
104	26	1
105	26	1
106	26	1
107	26	1
108	26	1
109	26	1
110	26	1
111	26	1
112	26	1
113	26	1
114	26	1
115	26	1
116	26	1
117	26	1
118	26	1
119	26	1
120	26	1
121	26	1
122	26	1
123	26	1
124	26	1
125	26	1
126	26	1
127	26	1
128	26	1
129	26	1
130	26	1
131	26	1
132	26	1
133	26	1
134	26	1
135	26	1
136	26	1
137	26	1
138	26	1
139	26	1
140	26	1
141	26	1
142	26	1
143	26	1
144	26	1
145	26	1
146	26	1
147	26	1
148	26	1
149	26	1
58	27	1
59	27	1
60	27	1
61	27	1
62	27	1
63	27	1
64	27	1
65	27	1
66	27	1
67	27	1
68	27	1
69	27	1
70	27	1
71	27	1
72	27	1
73	27	1
74	27	1
75	27	1
76	27	1
77	27	1
78	27	1
79	27	1
80	27	1
81	27	1
82	27	1
83	27	1
84	27	1
85	27	1
86	27	1
87	27	1
88	27	1
89	27	1
90	27	1
91	27	1
92	27	1
93	27	1
94	27	1
95	27	1
96	27	1
97	27	1
98	27	1
99	27	1
100	27	1
101	27	1
102	27	1
103	27	1
104	27	1
105	27	1
106	27	1
107	27	1
108	27	1
109	27	1
110	27	1
111	27	1
112	27	1
113	27	1
114	27	1
115	27	1
116	27	1
117	27	1
118	27	1
119	27	1
120	27	1
121	27	1
122	27	1
123	27	1
124	27	1
125	27	1
126	27	1
127	27	1
128	27	1
129	27	1
130	27	1
131	27	1
132	27	1
133	27	1
134	27	1
135	27	1
136	27	1
137	27	1
138	27	1
139	27	1
140	27	1
141	27	1
142	27	1
143	27	1
144	27	1
145	27	1
146	27	1
147	27	1
148	27	1
149	27	1
57	28	1
58	28	1
59	28	1
60	28	1
61	28	1
62	28	1
63	28	1
64	28	1
65	28	1
66	28	1
67	28	1
68	28	1
69	28	1
70	28	1
71	28	1
72	28	1
73	28	1
74	28	1
75	28	1
76	28	1
77	28	1
78	28	1
79	28	1
80	28	1
81	28	1
82	28	1
83	28	1
84	28	1
85	28	1
86	28	1
87	28	1
88	28	1
89	28	1
90	28	1
91	28	1
92	28	1
93	28	1
94	28	1
95	28	1
96	28	1
97	28	1
98	28	1
99	28	1
100	28	1
101	28	1
102	28	1
103	28	1
104	28	1
105	28	1
106	28	1
107	28	1
108	28	1
109	28	1
110	28	1
111	28	1
112	28	1
113	28	1
114	28	1
115	28	1
116	28	1
117	28	1
118	28	1
119	28	1
120	28	1
121	28	1
122	28	1
123	28	1
124	28	1
125	28	1
126	28	1
127	28	1
128	28	1
129	28	1
130	28	1
131	28	1
132	28	1
133	28	1
134	28	1
135	28	1
136	28	1
137	28	1
138	28	1
139	28	1
140	28	1
141	28	1
142	28	1
143	28	1
144	28	1
145	28	1
146	28	1
147	28	1
148	28	1
149	28	1
57	29	1
58	29	1
59	29	1
60	29	1
61	29	1
62	29	1
63	29	1
64	29	1
65	29	1
66	29	1
67	29	1
68	29	1
69	29	1
70	29	1
71	29	1
72	29	1
73	29	1
74	29	1
75	29	1
76	29	1
77	29	1
78	29	1
79	29	1
80	29	1
81	29	1
82	29	1
83	29	1
84	29	1
85	29	1
86	29	1
87	29	1
88	29	1
89	29	1
90	29	1
91	29	1
92	29	1
93	29	1
94	29	1
95	29	1
96	29	1
97	29	1
98	29	1
99	29	1
100	29	1
101	29	1
102	29	1
103	29	1
104	29	1
105	29	1
106	29	1
107	29	1
108	29	1
109	29	1
110	29	1
111	29	1
112	29	1
113	29	1
114	29	1
115	29	1
116	29	1
117	29	1
118	29	1
119	29	1
120	29	1
121	29	1
122	29	1
123	29	1
124	29	1
125	29	1
126	29	1
127	29	1
128	29	1
129	29	1
130	29	1
131	29	1
132	29	1
133	29	1
134	29	1
135	29	1
136	29	1
137	29	1
138	29	1
139	29	1
140	29	1
141	29	1
142	29	1
143	29	1
144	29	1
145	29	1
146	29	1
147	29	1
148	29	1
149	29	1
150	29	1
56	30	1
57	30	1
58	30	1
59	30	1
60	30	1
61	30	1
62	30	1
63	30	1
64	30	1
65	30	1
66	30	1
67	30	1
68	30	1
69	30	1
70	30	1
71	30	1
72	30	1
73	30	1
74	30	1
75	30	1
76	30	1
77	30	1
78	30	1
79	30	1
80	30	1
81	30	1
82	30	1
83	30	1
84	30	1
85	30	1
86	30	1
87	30	1
88	30	1
89	30	1
90	30	1
91	30	1
92	30	1
93	30	1
94	30	1
95	30	1
96	30	1
97	30	1
98	30	1
99	30	1
100	30	1
101	30	1
102	30	1
103	30	1
104	30	1
105	30	1
106	30	1
107	30	1
108	30	1
109	30	1
110	30	1
111	30	1
112	30	1
113	30	1
114	30	1
115	30	1
116	30	1
117	30	1
118	30	1
119	30	1
120	30	1
121	30	1
122	30	1
123	30	1
124	30	1
125	30	1
126	30	1
127	30	1
128	30	1
129	30	1
130	30	1
131	30	1
132	30	1
133	30	1
134	30	1
135	30	1
136	30	1
137	30	1
138	30	1
139	30	1
140	30	1
141	30	1
142	30	1
143	30	1
144	30	1
145	30	1
146	30	1
147	30	1
148	30	1
149	30	1
150	30	1
55	31	1
56	31	1
57	31	1
58	31	1
59	31	1
60	31	1
61	31	1
62	31	1
63	31	1
64	31	1
65	31	1
66	31	1
67	31	1
68	31	1
69	31	1
70	31	1
71	31	1
72	31	1
73	31	1
74	31	1
75	31	1
76	31	1
77	31	1
78	31	1
79	31	1
80	31	1
81	31	1
82	31	1
83	31	1
84	31	1
85	31	1
86	31	1
87	31	1
88	31	1
89	31	1
90	31	1
91	31	1
92	31	1
93	31	1
94	31	1
95	31	1
96	31	1
97	31	1
98	31	1
99	31	1
100	31	1
101	31	1
102	31	1
103	31	1
104	31	1
105	31	1
106	31	1
107	31	1
108	31	1
109	31	1
110	31	1
111	31	1
112	31	1
113	31	1
114	31	1
115	31	1
116	31	1
117	31	1
118	31	1
119	31	1
120	31	1
121	31	1
122	31	1
123	31	1
124	31	1
125	31	1
126	31	1
127	31	1
128	31	1
129	31	1
130	31	1
131	31	1
132	31	1
133	31	1
134	31	1
135	31	1
136	31	1
137	31	1
138	31	1
139	31	1
140	31	1
141	31	1
142	31	1
143	31	1
144	31	1
145	31	1
146	31	1
147	31	1
148	31	1
149	31	1
150	31	1
55	32	1
56	32	1
57	32	1
58	32	1
59	32	1
60	32	1
61	32	1
62	32	1
63	32	1
64	32	1
65	32	1
66	32	1
67	32	1
68	32	1
69	32	1
70	32	1
71	32	1
72	32	1
73	32	1
74	32	1
75	32	1
76	32	1
77	32	1
78	32	1
79	32	1
80	32	1
81	32	1
82	32	1
83	32	1
84	32	1
85	32	1
86	32	1
87	32	1
88	32	1
89	32	1
90	32	1
91	32	1
92	32	1
93	32	1
94	32	1
95	32	1
96	32	1
97	32	1
98	32	1
99	32	1
100	32	1
101	32	1
102	32	1
103	32	1
104	32	1
105	32	1
106	32	1
107	32	1
108	32	1
109	32	1
110	32	1
111	32	1
112	32	1
113	32	1
114	32	1
115	32	1
116	32	1
117	32	1
118	32	1
119	32	1
120	32	1
121	32	1
122	32	1
123	32	1
124	32	1
125	32	1
126	32	1
127	32	1
128	32	1
129	32	1
130	32	1
131	32	1
132	32	1
133	32	1
134	32	1
135	32	1
136	32	1
137	32	1
138	32	1
139	32	1
140	32	1
141	32	1
142	32	1
143	32	1
144	32	1
145	32	1
146	32	1
147	32	1
148	32	1
149	32	1
150	32	1
151	32	1
54	33	1
55	33	1
56	33	1
57	33	1
58	33	1
59	33	1
60	33	1
61	33	1
62	33	1
63	33	1
64	33	1
65	33	1
66	33	1
67	33	1
68	33	1
69	33	1
70	33	1
71	33	1
72	33	1
73	33	1
74	33	1
75	33	1
76	33	1
77	33	1
78	33	1
79	33	1
80	33	1
81	33	1
82	33	1
83	33	1
84	33	1
85	33	1
86	33	1
87	33	1
88	33	1
89	33	1
90	33	1
91	33	1
92	33	1
93	33	1
94	33	1
95	33	1
96	33	1
97	33	1
98	33	1
99	33	1
100	33	1
101	33	1
102	33	1
103	33	1
104	33	1
105	33	1
106	33	1
107	33	1
108	33	1
109	33	1
110	33	1
111	33	1
112	33	1
113	33	1
114	33	1
115	33	1
116	33	1
117	33	1
118	33	1
119	33	1
120	33	1
121	33	1
122	33	1
123	33	1
124	33	1
125	33	1
126	33	1
127	33	1
128	33	1
129	33	1
130	33	1
131	33	1
132	33	1
133	33	1
134	33	1
135	33	1
136	33	1
137	33	1
138	33	1
139	33	1
140	33	1
141	33	1
142	33	1
143	33	1
144	33	1
145	33	1
146	33	1
147	33	1
148	33	1
149	33	1
150	33	1
151	33	1
53	34	1
54	34	1
55	34	1
56	34	1
57	34	1
58	34	1
59	34	1
60	34	1
61	34	1
62	34	1
63	34	1
64	34	1
65	34	1
66	34	1
67	34	1
68	34	1
69	34	1
70	34	1
71	34	1
72	34	1
73	34	1
74	34	1
75	34	1
76	34	1
77	34	1
78	34	1
79	34	1
80	34	1
81	34	1
82	34	1
83	34	1
84	34	1
85	34	1
86	34	1
87	34	1
88	34	1
89	34	1
90	34	1
91	34	1
92	34	1
93	34	1
94	34	1
95	34	1
96	34	1
97	34	1
98	34	1
99	34	1
100	34	1
101	34	1
102	34	1
103	34	1
104	34	1
105	34	1
106	34	1
107	34	1
108	34	1
109	34	1
110	34	1
111	34	1
112	34	1
113	34	1
114	34	1
115	34	1
116	34	1
117	34	1
118	34	1
119	34	1
120	34	1
121	34	1
122	34	1
123	34	1
124	34	1
125	34	1
126	34	1
127	34	1
128	34	1
129	34	1
130	34	1
131	34	1
132	34	1
133	34	1
134	34	1
135	34	1
136	34	1
137	34	1
138	34	1
139	34	1
140	34	1
141	34	1
142	34	1
143	34	1
144	34	1
145	34	1
146	34	1
147	34	1
148	34	1
149	34	1
150	34	1
151	34	1
152	34	1
52	35	1
53	35	1
54	35	1
55	35	1
56	35	1
57	35	1
58	35	1
59	35	1
60	35	1
61	35	1
62	35	1
63	35	1
64	35	1
65	35	1
66	35	1
67	35	1
68	35	1
69	35	1
70	35	1
71	35	1
72	35	1
73	35	1
74	35	1
75	35	1
76	35	1
77	35	1
78	35	1
79	35	1
80	35	1
81	35	1
82	35	1
83	35	1
84	35	1
85	35	1
86	35	1
87	35	1
88	35	1
89	35	1
90	35	1
91	35	1
92	35	1
93	35	1
94	35	1
95	35	1
96	35	1
97	35	1
98	35	1
99	35	1
100	35	1
101	35	1
102	35	1
103	35	1
104	35	1
105	35	1
106	35	1
107	35	1
108	35	1
109	35	1
110	35	1
111	35	1
112	35	1
113	35	1
114	35	1
115	35	1
116	35	1
117	35	1
118	35	1
119	35	1
120	35	1
121	35	1
122	35	1
123	35	1
124	35	1
125	35	1
126	35	1
127	35	1
128	35	1
129	35	1
130	35	1
131	35	1
132	35	1
133	35	1
134	35	1
135	35	1
136	35	1
137	35	1
138	35	1
139	35	1
140	35	1
141	35	1
142	35	1
143	35	1
144	35	1
145	35	1
146	35	1
147	35	1
148	35	1
149	35	1
150	35	1
151	35	1
152	35	1
153	35	1
52	36	1
53	36	1
54	36	1
55	36	1
56	36	1
57	36	1
58	36	1
59	36	1
60	36	1
61	36	1
62	36	1
63	36	1
64	36	1
65	36	1
66	36	1
67	36	1
68	36	1
69	36	1
70	36	1
71	36	1
72	36	1
73	36	1
74	36	1
75	36	1
76	36	1
77	36	1
78	36	1
79	36	1
80	36	1
81	36	1
82	36	1
83	36	1
84	36	1
85	36	1
86	36	1
87	36	1
88	36	1
89	36	1
90	36	1
91	36	1
92	36	1
93	36	1
94	36	1
95	36	1
96	36	1
97	36	1
98	36	1
99	36	1
100	36	1
101	36	1
102	36	1
103	36	1
104	36	1
105	36	1
106	36	1
107	36	1
108	36	1
109	36	1
110	36	1
111	36	1
112	36	1
113	36	1
114	36	1
115	36	1
116	36	1
117	36	1
118	36	1
119	36	1
120	36	1
121	36	1
122	36	1
123	36	1
124	36	1
125	36	1
126	36	1
127	36	1
128	36	1
129	36	1
130	36	1
131	36	1
132	36	1
133	36	1
134	36	1
135	36	1
136	36	1
137	36	1
138	36	1
139	36	1
140	36	1
141	36	1
142	36	1
143	36	1
144	36	1
145	36	1
146	36	1
147	36	1
148	36	1
149	36	1
150	36	1
151	36	1
152	36	1
153	36	1
154	36	1
51	37	1
52	37	1
53	37	1
54	37	1
55	37	1
56	37	1
57	37	1
58	37	1
59	37	1
60	37	1
61	37	1
62	37	1
63	37	1
64	37	1
65	37	1
66	37	1
67	37	1
68	37	1
69	37	1
70	37	1
71	37	1
72	37	1
73	37	1
74	37	1
75	37	1
76	37	1
77	37	1
78	37	1
79	37	1
80	37	1
81	37	1
82	37	1
83	37	1
84	37	1
85	37	1
86	37	1
87	37	1
88	37	1
89	37	1
90	37	1
91	37	1
92	37	1
93	37	1
94	37	1
95	37	1
96	37	1
97	37	1
98	37	1
99	37	1
100	37	1
101	37	1
102	37	1
103	37	1
104	37	1
105	37	1
106	37	1
107	37	1
108	37	1
109	37	1
110	37	1
111	37	1
112	37	1
113	37	1
114	37	1
115	37	1
116	37	1
117	37	1
118	37	1
119	37	1
120	37	1
121	37	1
122	37	1
123	37	1
124	37	1
125	37	1
126	37	1
127	37	1
128	37	1
129	37	1
130	37	1
131	37	1
132	37	1
133	37	1
134	37	1
135	37	1
136	37	1
137	37	1
138	37	1
139	37	1
140	37	1
141	37	1
142	37	1
143	37	1
144	37	1
145	37	1
146	37	1
147	37	1
148	37	1
149	37	1
150	37	1
151	37	1
152	37	1
153	37	1
154	37	1
50	38	1
51	38	1
52	38	1
53	38	1
54	38	1
55	38	1
56	38	1
57	38	1
58	38	1
59	38	1
60	38	1
61	38	1
62	38	1
63	38	1
64	38	1
65	38	1
66	38	1
67	38	1
68	38	1
69	38	1
70	38	1
71	38	1
72	38	1
73	38	1
74	38	1
75	38	1
76	38	1
77	38	1
78	38	1
79	38	1
80	38	1
81	38	1
82	38	1
83	38	1
84	38	1
85	38	1
86	38	1
87	38	1
88	38	1
89	38	1
90	38	1
91	38	1
92	38	1
93	38	1
94	38	1
95	38	1
96	38	1
97	38	1
98	38	1
99	38	1
100	38	1
101	38	1
102	38	1
103	38	1
104	38	1
105	38	1
106	38	1
107	38	1
108	38	1
109	38	1
110	38	1
111	38	1
112	38	1
113	38	1
114	38	1
115	38	1
116	38	1
117	38	1
118	38	1
119	38	1
120	38	1
121	38	1
122	38	1
123	38	1
124	38	1
125	38	1
126	38	1
127	38	1
128	38	1
129	38	1
130	38	1
131	38	1
132	38	1
133	38	1
134	38	1
135	38	1
136	38	1
137	38	1
138	38	1
139	38	1
140	38	1
141	38	1
142	38	1
143	38	1
144	38	1
145	38	1
146	38	1
147	38	1
148	38	1
149	38	1
150	38	1
151	38	1
152	38	1
153	38	1
154	38	1
155	38	1
50	39	1
51	39	1
52	39	1
53	39	1
54	39	1
55	39	1
56	39	1
57	39	1
58	39	1
59	39	1
60	39	1
61	39	1
62	39	1
63	39	1
64	39	1
65	39	1
66	39	1
67	39	1
68	39	1
69	39	1
70	39	1
71	39	1
72	39	1
73	39	1
74	39	1
75	39	1
76	39	1
77	39	1
78	39	1
79	39	1
80	39	1
81	39	1
82	39	1
83	39	1
84	39	1
85	39	1
86	39	1
87	39	1
88	39	1
89	39	1
90	39	1
91	39	1
92	39	1
93	39	1
94	39	1
95	39	1
96	39	1
97	39	1
98	39	1
99	39	1
100	39	1
101	39	1
102	39	1
103	39	1
104	39	1
105	39	1
106	39	1
107	39	1
108	39	1
109	39	1
110	39	1
111	39	1
112	39	1
113	39	1
114	39	1
115	39	1
116	39	1
117	39	1
118	39	1
119	39	1
120	39	1
121	39	1
122	39	1
123	39	1
124	39	1
125	39	1
126	39	1
127	39	1
128	39	1
129	39	1
130	39	1
131	39	1
132	39	1
133	39	1
134	39	1
135	39	1
136	39	1
137	39	1
138	39	1
139	39	1
140	39	1
141	39	1
142	39	1
143	39	1
144	39	1
145	39	1
146	39	1
147	39	1
148	39	1
149	39	1
150	39	1
151	39	1
152	39	1
153	39	1
154	39	1
155	39	1
49	40	1
50	40	1
51	40	1
52	40	1
53	40	1
54	40	1
55	40	1
56	40	1
57	40	1
58	40	1
59	40	1
60	40	1
61	40	1
62	40	1
63	40	1
64	40	1
65	40	1
66	40	1
67	40	1
68	40	1
69	40	1
70	40	1
71	40	1
72	40	1
73	40	1
74	40	1
75	40	1
76	40	1
77	40	1
78	40	1
79	40	1
80	40	1
81	40	1
82	40	1
83	40	1
84	40	1
85	40	1
86	40	1
87	40	1
88	40	1
89	40	1
90	40	1
91	40	1
92	40	1
93	40	1
94	40	1
95	40	1
96	40	1
97	40	1
98	40	1
99	40	1
100	40	1
101	40	1
102	40	1
103	40	1
104	40	1
105	40	1
106	40	1
107	40	1
108	40	1
109	40	1
110	40	1
111	40	1
112	40	1
113	40	1
114	40	1
115	40	1
116	40	1
117	40	1
118	40	1
119	40	1
120	40	1
121	40	1
122	40	1
123	40	1
124	40	1
125	40	1
126	40	1
127	40	1
128	40	1
129	40	1
130	40	1
131	40	1
132	40	1
133	40	1
134	40	1
135	40	1
136	40	1
137	40	1
138	40	1
139	40	1
140	40	1
141	40	1
142	40	1
143	40	1
144	40	1
145	40	1
146	40	1
147	40	1
148	40	1
149	40	1
150	40	1
151	40	1
152	40	1
153	40	1
154	40	1
155	40	1
49	41	1
50	41	1
51	41	1
52	41	1
53	41	1
54	41	1
55	41	1
56	41	1
57	41	1
58	41	1
59	41	1
60	41	1
61	41	1
62	41	1
63	41	1
64	41	1
65	41	1
66	41	1
67	41	1
68	41	1
69	41	1
70	41	1
71	41	1
72	41	1
73	41	1
74	41	1
75	41	1
76	41	1
77	41	1
78	41	1
79	41	1
80	41	1
81	41	1
82	41	1
83	41	1
84	41	1
85	41	1
86	41	1
87	41	1
88	41	1
89	41	1
90	41	1
91	41	1
92	41	1
93	41	1
94	41	1
95	41	1
96	41	1
97	41	1
98	41	1
99	41	1
100	41	1
101	41	1
102	41	1
103	41	1
104	41	1
105	41	1
106	41	1
107	41	1
108	41	1
109	41	1
110	41	1
111	41	1
112	41	1
113	41	1
114	41	1
115	41	1
116	41	1
117	41	1
118	41	1
119	41	1
120	41	1
121	41	1
122	41	1
123	41	1
124	41	1
125	41	1
126	41	1
127	41	1
128	41	1
129	41	1
130	41	1
131	41	1
132	41	1
133	41	1
134	41	1
135	41	1
136	41	1
137	41	1
138	41	1
139	41	1
140	41	1
141	41	1
142	41	1
143	41	1
144	41	1
145	41	1
146	41	1
147	41	1
148	41	1
149	41	1
150	41	1
151	41	1
152	41	1
153	41	1
154	41	1
155	41	1
156	41	1
48	42	1
49	42	1
50	42	1
51	42	1
52	42	1
53	42	1
54	42	1
55	42	1
56	42	1
57	42	1
58	42	1
59	42	1
60	42	1
61	42	1
62	42	1
63	42	1
64	42	1
65	42	1
66	42	1
67	42	1
68	42	1
69	42	1
70	42	1
71	42	1
72	42	1
73	42	1
74	42	1
75	42	1
76	42	1
77	42	1
78	42	1
79	42	1
80	42	1
81	42	1
82	42	1
83	42	1
84	42	1
85	42	1
86	42	1
87	42	1
88	42	1
89	42	1
90	42	1
91	42	1
92	42	1
93	42	1
94	42	1
95	42	1
96	42	1
97	42	1
98	42	1
99	42	1
100	42	1
101	42	1
102	42	1
103	42	1
104	42	1
105	42	1
106	42	1
107	42	1
108	42	1
109	42	1
110	42	1
111	42	1
112	42	1
113	42	1
114	42	1
115	42	1
116	42	1
117	42	1
118	42	1
119	42	1
120	42	1
121	42	1
122	42	1
123	42	1
124	42	1
125	42	1
126	42	1
127	42	1
128	42	1
129	42	1
130	42	1
131	42	1
132	42	1
133	42	1
134	42	1
135	42	1
136	42	1
137	42	1
138	42	1
139	42	1
140	42	1
141	42	1
142	42	1
143	42	1
144	42	1
145	42	1
146	42	1
147	42	1
148	42	1
149	42	1
150	42	1
151	42	1
152	42	1
153	42	1
154	42	1
155	42	1
156	42	1
48	43	1
49	43	1
50	43	1
51	43	1
52	43	1
53	43	1
54	43	1
55	43	1
56	43	1
57	43	1
58	43	1
59	43	1
60	43	1
61	43	1
62	43	1
63	43	1
64	43	1
65	43	1
66	43	1
67	43	1
68	43	1
69	43	1
70	43	1
71	43	1
72	43	1
73	43	1
74	43	1
75	43	1
76	43	1
77	43	1
78	43	1
79	43	1
80	43	1
81	43	1
82	43	1
83	43	1
84	43	1
85	43	1
86	43	1
87	43	1
88	43	1
89	43	1
90	43	1
91	43	1
92	43	1
93	43	1
94	43	1
95	43	1
96	43	1
97	43	1
98	43	1
99	43	1
100	43	1
101	43	1
102	43	1
103	43	1
104	43	1
105	43	1
106	43	1
107	43	1
108	43	1
109	43	1
110	43	1
111	43	1
112	43	1
113	43	1
114	43	1
115	43	1
116	43	1
117	43	1
118	43	1
119	43	1
120	43	1
121	43	1
122	43	1
123	43	1
124	43	1
125	43	1
126	43	1
127	43	1
128	43	1
129	43	1
130	43	1
131	43	1
132	43	1
133	43	1
134	43	1
135	43	1
136	43	1
137	43	1
138	43	1
139	43	1
140	43	1
141	43	1
142	43	1
143	43	1
144	43	1
145	43	1
146	43	1
147	43	1
148	43	1
149	43	1
150	43	1
151	43	1
152	43	1
153	43	1
154	43	1
155	43	1
156	43	1
48	44	1
49	44	1
50	44	1
51	44	1
52	44	1
53	44	1
54	44	1
55	44	1
56	44	1
57	44	1
58	44	1
59	44	1
60	44	1
61	44	1
62	44	1
63	44	1
64	44	1
65	44	1
66	44	1
67	44	1
68	44	1
69	44	1
70	44	1
71	44	1
72	44	1
73	44	1
74	44	1
75	44	1
76	44	1
77	44	1
78	44	1
79	44	1
80	44	1
81	44	1
82	44	1
83	44	1
84	44	1
85	44	1
86	44	1
87	44	1
88	44	1
89	44	1
90	44	1
91	44	1
92	44	1
93	44	1
94	44	1
95	44	1
96	44	1
97	44	1
98	44	1
99	44	1
100	44	1
101	44	1
102	44	1
103	44	1
104	44	1
105	44	1
106	44	1
107	44	1
108	44	1
109	44	1
110	44	1
111	44	1
112	44	1
113	44	1
114	44	1
115	44	1
116	44	1
117	44	1
118	44	1
119	44	1
120	44	1
121	44	1
122	44	1
123	44	1
124	44	1
125	44	1
126	44	1
127	44	1
128	44	1
129	44	1
130	44	1
131	44	1
132	44	1
133	44	1
134	44	1
135	44	1
136	44	1
137	44	1
138	44	1
139	44	1
140	44	1
141	44	1
142	44	1
143	44	1
144	44	1
145	44	1
146	44	1
147	44	1
148	44	1
149	44	1
150	44	1
151	44	1
152	44	1
153	44	1
154	44	1
155	44	1
156	44	1
47	45	1
48	45	1
49	45	1
50	45	1
51	45	1
52	45	1
53	45	1
54	45	1
55	45	1
56	45	1
57	45	1
58	45	1
59	45	1
60	45	1
61	45	1
62	45	1
63	45	1
64	45	1
65	45	1
66	45	1
67	45	1
68	45	1
69	45	1
70	45	1
71	45	1
72	45	1
73	45	1
74	45	1
75	45	1
76	45	1
77	45	1
78	45	1
79	45	1
80	45	1
81	45	1
82	45	1
83	45	1
84	45	1
85	45	1
86	45	1
87	45	1
88	45	1
89	45	1
90	45	1
91	45	1
92	45	1
93	45	1
94	45	1
95	45	1
96	45	1
97	45	1
98	45	1
99	45	1
100	45	1
101	45	1
102	45	1
103	45	1
104	45	1
105	45	1
106	45	1
107	45	1
108	45	1
109	45	1
110	45	1
111	45	1
112	45	1
113	45	1
114	45	1
115	45	1
116	45	1
117	45	1
118	45	1
119	45	1
120	45	1
121	45	1
122	45	1
123	45	1
124	45	1
125	45	1
126	45	1
127	45	1
128	45	1
129	45	1
130	45	1
131	45	1
132	45	1
133	45	1
134	45	1
135	45	1
136	45	1
137	45	1
138	45	1
139	45	1
140	45	1
141	45	1
142	45	1
143	45	1
144	45	1
145	45	1
146	45	1
147	45	1
148	45	1
149	45	1
150	45	1
151	45	1
152	45	1
153	45	1
154	45	1
155	45	1
156	45	1
47	46	1
48	46	1
49	46	1
50	46	1
51	46	1
52	46	1
53	46	1
54	46	1
55	46	1
56	46	1
57	46	1
58	46	1
59	46	1
60	46	1
61	46	1
62	46	1
63	46	1
64	46	1
65	46	1
66	46	1
67	46	1
68	46	1
69	46	1
70	46	1
71	46	1
72	46	1
73	46	1
74	46	1
75	46	1
76	46	1
77	46	1
78	46	1
79	46	1
80	46	1
81	46	1
82	46	1
83	46	1
84	46	1
85	46	1
86	46	1
87	46	1
88	46	1
89	46	1
90	46	1
91	46	1
92	46	1
93	46	1
94	46	1
95	46	1
96	46	1
97	46	1
98	46	1
99	46	1
125	46	1
126	46	1
127	46	1
128	46	1
129	46	1
130	46	1
131	46	1
132	46	1
133	46	1
134	46	1
135	46	1
136	46	1
137	46	1
138	46	1
139	46	1
140	46	1
141	46	1
142	46	1
143	46	1
144	46	1
145	46	1
146	46	1
147	46	1
148	46	1
149	46	1
150	46	1
151	46	1
152	46	1
153	46	1
154	46	1
155	46	1
156	46	1
157	46	1
47	47	1
48	47	1
49	47	1
50	47	1
51	47	1
52	47	1
53	47	1
54	47	1
55	47	1
56	47	1
57	47	1
58	47	1
59	47	1
60	47	1
61	47	1
62	47	1
63	47	1
64	47	1
65	47	1
66	47	1
67	47	1
68	47	1
69	47	1
70	47	1
71	47	1
72	47	1
73	47	1
74	47	1
75	47	1
76	47	1
77	47	1
78	47	1
79	47	1
80	47	1
81	47	1
82	47	1
83	47	1
84	47	1
85	47	1
86	47	1
87	47	1
88	47	1
89	47	1
90	47	1
91	47	1
92	47	1
93	47	1
94	47	1
95	47	1
96	47	1
127	47	1
128	47	1
129	47	1
130	47	1
131	47	1
132	47	1
133	47	1
134	47	1
135	47	1
136	47	1
137	47	1
138	47	1
139	47	1
140	47	1
141	47	1
142	47	1
143	47	1
144	47	1
145	47	1
146	47	1
147	47	1
148	47	1
149	47	1
150	47	1
151	47	1
152	47	1
153	47	1
154	47	1
155	47	1
156	47	1
157	47	1
47	48	1
48	48	1
49	48	1
50	48	1
51	48	1
52	48	1
53	48	1
54	48	1
55	48	1
56	48	1
57	48	1
58	48	1
59	48	1
60	48	1
61	48	1
62	48	1
63	48	1
64	48	1
65	48	1
66	48	1
67	48	1
68	48	1
69	48	1
70	48	1
71	48	1
72	48	1
73	48	1
74	48	1
75	48	1
76	48	1
77	48	1
78	48	1
79	48	1
80	48	1
81	48	1
82	48	1
83	48	1
84	48	1
85	48	1
86	48	1
87	48	1
88	48	1
89	48	1
90	48	1
91	48	1
92	48	1
130	48	1
131	48	1
132	48	1
133	48	1
134	48	1
135	48	1
136	48	1
137	48	1
138	48	1
139	48	1
140	48	1
141	48	1
142	48	1
143	48	1
144	48	1
145	48	1
146	48	1
147	48	1
148	48	1
149	48	1
150	48	1
151	48	1
152	48	1
153	48	1
154	48	1
155	48	1
156	48	1
157	48	1
158	48	1
47	49	1
48	49	1
49	49	1
50	49	1
51	49	1
52	49	1
53	49	1
54	49	1
55	49	1
56	49	1
57	49	1
58	49	1
59	49	1
60	49	1
61	49	1
62	49	1
63	49	1
64	49	1
65	49	1
66	49	1
67	49	1
68	49	1
69	49	1
70	49	1
71	49	1
72	49	1
73	49	1
74	49	1
75	49	1
76	49	1
77	49	1
78	49	1
79	49	1
80	49	1
81	49	1
82	49	1
83	49	1
84	49	1
85	49	1
86	49	1
87	49	1
132	49	1
133	49	1
134	49	1
135	49	1
136	49	1
137	49	1
138	49	1
139	49	1
140	49	1
141	49	1
142	49	1
143	49	1
144	49	1
145	49	1
146	49	1
147	49	1
148	49	1
149	49	1
150	49	1
151	49	1
152	49	1
153	49	1
154	49	1
155	49	1
156	49	1
157	49	1
158	49	1
47	50	1
48	50	1
49	50	1
50	50	1
51	50	1
52	50	1
53	50	1
54	50	1
55	50	1
56	50	1
57	50	1
58	50	1
59	50	1
60	50	1
61	50	1
62	50	1
63	50	1
64	50	1
65	50	1
66	50	1
67	50	1
68	50	1
69	50	1
70	50	1
71	50	1
72	50	1
73	50	1
74	50	1
75	50	1
76	50	1
77	50	1
78	50	1
79	50	1
80	50	1
81	50	1
82	50	1
83	50	1
84	50	1
136	50	1
137	50	1
138	50	1
139	50	1
140	50	1
141	50	1
142	50	1
143	50	1
144	50	1
145	50	1
146	50	1
147	50	1
148	50	1
149	50	1
150	50	1
151	50	1
152	50	1
153	50	1
154	50	1
155	50	1
156	50	1
157	50	1
158	50	1
159	50	1
47	51	1
48	51	1
49	51	1
50	51	1
51	51	1
52	51	1
53	51	1
54	51	1
55	51	1
56	51	1
57	51	1
58	51	1
59	51	1
60	51	1
61	51	1
62	51	1
63	51	1
64	51	1
65	51	1
66	51	1
67	51	1
68	51	1
69	51	1
70	51	1
71	51	1
72	51	1
73	51	1
74	51	1
75	51	1
76	51	1
77	51	1
78	51	1
79	51	1
80	51	1
81	51	1
82	51	1
83	51	1
138	51	1
139	51	1
140	51	1
141	51	1
142	51	1
143	51	1
144	51	1
145	51	1
146	51	1
147	51	1
148	51	1
149	51	1
150	51	1
151	51	1
152	51	1
153	51	1
154	51	1
155	51	1
156	51	1
157	51	1
158	51	1
159	51	1
47	52	1
48	52	1
49	52	1
50	52	1
51	52	1
52	52	1
53	52	1
54	52	1
55	52	1
56	52	1
57	52	1
58	52	1
59	52	1
60	52	1
61	52	1
62	52	1
63	52	1
64	52	1
65	52	1
66	52	1
67	52	1
68	52	1
69	52	1
70	52	1
71	52	1
72	52	1
73	52	1
74	52	1
75	52	1
76	52	1
77	52	1
78	52	1
79	52	1
80	52	1
81	52	1
141	52	1
142	52	1
143	52	1
144	52	1
145	52	1
146	52	1
147	52	1
148	52	1
149	52	1
150	52	1
151	52	1
152	52	1
153	52	1
154	52	1
155	52	1
156	52	1
157	52	1
158	52	1
159	52	1
47	53	1
48	53	1
49	53	1
50	53	1
51	53	1
52	53	1
53	53	1
54	53	1
55	53	1
56	53	1
57	53	1
58	53	1
59	53	1
60	53	1
61	53	1
62	53	1
63	53	1
64	53	1
65	53	1
66	53	1
67	53	1
68	53	1
69	53	1
70	53	1
71	53	1
72	53	1
73	53	1
74	53	1
75	53	1
76	53	1
77	53	1
78	53	1
142	53	1
143	53	1
144	53	1
145	53	1
146	53	1
147	53	1
148	53	1
149	53	1
150	53	1
151	53	1
152	53	1
153	53	1
154	53	1
155	53	1
156	53	1
157	53	1
158	53	1
159	53	1
160	53	1
47	54	1
48	54	1
49	54	1
50	54	1
51	54	1
52	54	1
53	54	1
54	54	1
55	54	1
56	54	1
57	54	1
58	54	1
59	54	1
60	54	1
61	54	1
62	54	1
63	54	1
64	54	1
65	54	1
66	54	1
67	54	1
68	54	1
69	54	1
70	54	1
71	54	1
72	54	1
73	54	1
74	54	1
75	54	1
76	54	1
77	54	1
144	54	1
145	54	1
146	54	1
147	54	1
148	54	1
149	54	1
150	54	1
151	54	1
152	54	1
153	54	1
154	54	1
155	54	1
156	54	1
157	54	1
158	54	1
159	54	1
160	54	1
47	55	1
48	55	1
49	55	1
50	55	1
51	55	1
52	55	1
53	55	1
54	55	1
55	55	1
56	55	1
57	55	1
58	55	1
59	55	1
60	55	1
61	55	1
62	55	1
63	55	1
64	55	1
65	55	1
66	55	1
67	55	1
68	55	1
69	55	1
70	55	1
71	55	1
72	55	1
73	55	1
74	55	1
75	55	1
76	55	1
77	55	1
145	55	1
146	55	1
147	55	1
148	55	1
149	55	1
150	55	1
151	55	1
152	55	1
153	55	1
154	55	1
155	55	1
156	55	1
157	55	1
158	55	1
159	55	1
160	55	1
47	56	1
48	56	1
49	56	1
50	56	1
51	56	1
52	56	1
53	56	1
54	56	1
55	56	1
56	56	1
57	56	1
58	56	1
59	56	1
60	56	1
61	56	1
62	56	1
63	56	1
64	56	1
65	56	1
66	56	1
67	56	1
68	56	1
69	56	1
70	56	1
71	56	1
72	56	1
73	56	1
74	56	1
75	56	1
76	56	1
146	56	1
147	56	1
148	56	1
149	56	1
150	56	1
151	56	1
152	56	1
153	56	1
154	56	1
155	56	1
156	56	1
157	56	1
158	56	1
159	56	1
160	56	1
46	57	1
47	57	1
48	57	1
49	57	1
50	57	1
51	57	1
52	57	1
53	57	1
54	57	1
55	57	1
56	57	1
57	57	1
58	57	1
59	57	1
60	57	1
61	57	1
62	57	1
63	57	1
64	57	1
65	57	1
66	57	1
67	57	1
68	57	1
69	57	1
70	57	1
71	57	1
72	57	1
73	57	1
74	57	1
75	57	1
76	57	1
147	57	1
148	57	1
149	57	1
150	57	1
151	57	1
152	57	1
153	57	1
154	57	1
155	57	1
156	57	1
157	57	1
158	57	1
159	57	1
160	57	1
46	58	1
47	58	1
48	58	1
49	58	1
50	58	1
51	58	1
52	58	1
53	58	1
54	58	1
55	58	1
56	58	1
57	58	1
58	58	1
59	58	1
60	58	1
61	58	1
62	58	1
63	58	1
64	58	1
65	58	1
66	58	1
67	58	1
68	58	1
69	58	1
70	58	1
71	58	1
72	58	1
73	58	1
74	58	1
75	58	1
147	58	1
148	58	1
149	58	1
150	58	1
151	58	1
152	58	1
153	58	1
154	58	1
155	58	1
156	58	1
157	58	1
158	58	1
159	58	1
160	58	1
46	59	1
47	59	1
48	59	1
49	59	1
50	59	1
51	59	1
52	59	1
53	59	1
54	59	1
55	59	1
56	59	1
57	59	1
58	59	1
59	59	1
60	59	1
61	59	1
62	59	1
63	59	1
64	59	1
65	59	1
66	59	1
67	59	1
68	59	1
69	59	1
70	59	1
71	59	1
72	59	1
73	59	1
74	59	1
75	59	1
76	59	1
148	59	1
149	59	1
150	59	1
151	59	1
152	59	1
153	59	1
154	59	1
155	59	1
156	59	1
157	59	1
158	59	1
159	59	1
46	60	1
47	60	1
48	60	1
49	60	1
50	60	1
51	60	1
52	60	1
53	60	1
54	60	1
55	60	1
56	60	1
57	60	1
58	60	1
59	60	1
60	60	1
61	60	1
62	60	1
63	60	1
64	60	1
65	60	1
66	60	1
67	60	1
68	60	1
69	60	1
70	60	1
71	60	1
72	60	1
73	60	1
74	60	1
75	60	1
76	60	1
77	60	1
148	60	1
149	60	1
150	60	1
151	60	1
152	60	1
153	60	1
154	60	1
155	60	1
156	60	1
157	60	1
158	60	1
159	60	1
46	61	1
47	61	1
48	61	1
49	61	1
50	61	1
51	61	1
52	61	1
53	61	1
54	61	1
55	61	1
56	61	1
57	61	1
58	61	1
59	61	1
60	61	1
61	61	1
62	61	1
63	61	1
64	61	1
65	61	1
66	61	1
67	61	1
68	61	1
69	61	1
70	61	1
71	61	1
72	61	1
73	61	1
74	61	1
75	61	1
76	61	1
77	61	1
149	61	1
150	61	1
151	61	1
152	61	1
153	61	1
154	61	1
155	61	1
156	61	1
157	61	1
158	61	1
46	62	1
47	62	1
48	62	1
49	62	1
50	62	1
51	62	1
52	62	1
53	62	1
54	62	1
55	62	1
56	62	1
57	62	1
58	62	1
59	62	1
60	62	1
61	62	1
62	62	1
63	62	1
64	62	1
65	62	1
66	62	1
67	62	1
68	62	1
69	62	1
70	62	1
71	62	1
72	62	1
73	62	1
74	62	1
75	62	1
76	62	1
77	62	1
78	62	1
149	62	1
150	62	1
151	62	1
152	62	1
153	62	1
154	62	1
155	62	1
156	62	1
157	62	1
158	62	1
46	63	1
47	63	1
48	63	1
49	63	1
50	63	1
51	63	1
52	63	1
53	63	1
54	63	1
55	63	1
56	63	1
57	63	1
58	63	1
59	63	1
60	63	1
61	63	1
62	63	1
63	63	1
64	63	1
65	63	1
66	63	1
67	63	1
68	63	1
69	63	1
70	63	1
71	63	1
72	63	1
73	63	1
74	63	1
75	63	1
76	63	1
77	63	1
78	63	1
150	63	1
151	63	1
152	63	1
153	63	1
154	63	1
155	63	1
156	63	1
157	63	1
158	63	1
46	64	1
47	64	1
48	64	1
49	64	1
50	64	1
51	64	1
52	64	1
53	64	1
54	64	1
55	64	1
56	64	1
57	64	1
58	64	1
59	64	1
60	64	1
61	64	1
62	64	1
63	64	1
64	64	1
65	64	1
66	64	1
67	64	1
68	64	1
69	64	1
70	64	1
71	64	1
72	64	1
73	64	1
74	64	1
75	64	1
76	64	1
77	64	1
150	64	1
151	64	1
152	64	1
153	64	1
154	64	1
155	64	1
156	64	1
157	64	1
46	65	1
47	65	1
48	65	1
49	65	1
50	65	1
51	65	1
52	65	1
53	65	1
54	65	1
55	65	1
56	65	1
57	65	1
58	65	1
59	65	1
60	65	1
61	65	1
62	65	1
63	65	1
64	65	1
65	65	1
66	65	1
67	65	1
68	65	1
69	65	1
70	65	1
71	65	1
72	65	1
73	65	1
74	65	1
75	65	1
76	65	1
77	65	1
150	65	1
151	65	1
152	65	1
153	65	1
154	65	1
155	65	1
156	65	1
157	65	1
46	66	1
47	66	1
48	66	1
49	66	1
50	66	1
51	66	1
52	66	1
53	66	1
54	66	1
55	66	1
56	66	1
57	66	1
58	66	1
59	66	1
60	66	1
61	66	1
62	66	1
63	66	1
64	66	1
65	66	1
66	66	1
67	66	1
68	66	1
69	66	1
70	66	1
71	66	1
72	66	1
73	66	1
74	66	1
75	66	1
76	66	1
77	66	1
151	66	1
152	66	1
153	66	1
154	66	1
155	66	1
156	66	1
157	66	1
45	67	1
46	67	1
47	67	1
48	67	1
49	67	1
50	67	1
51	67	1
52	67	1
53	67	1
54	67	1
55	67	1
56	67	1
57	67	1
58	67	1
59	67	1
60	67	1
61	67	1
62	67	1
63	67	1
64	67	1
65	67	1
66	67	1
67	67	1
68	67	1
69	67	1
70	67	1
71	67	1
72	67	1
73	67	1
74	67	1
75	67	1
76	67	1
77	67	1
78	67	1
151	67	1
152	67	1
153	67	1
154	67	1
155	67	1
156	67	1
157	67	1
45	68	1
46	68	1
47	68	1
48	68	1
49	68	1
50	68	1
51	68	1
52	68	1
53	68	1
54	68	1
55	68	1
56	68	1
57	68	1
58	68	1
59	68	1
60	68	1
61	68	1
62	68	1
63	68	1
64	68	1
65	68	1
66	68	1
67	68	1
68	68	1
69	68	1
70	68	1
71	68	1
72	68	1
73	68	1
74	68	1
75	68	1
76	68	1
77	68	1
78	68	1
151	68	1
152	68	1
153	68	1
154	68	1
155	68	1
156	68	1
157	68	1
45	69	1
46	69	1
47	69	1
48	69	1
49	69	1
50	69	1
51	69	1
52	69	1
53	69	1
54	69	1
55	69	1
56	69	1
57	69	1
58	69	1
59	69	1
60	69	1
61	69	1
62	69	1
63	69	1
64	69	1
65	69	1
66	69	1
67	69	1
68	69	1
69	69	1
70	69	1
71	69	1
72	69	1
73	69	1
74	69	1
75	69	1
76	69	1
77	69	1
78	69	1
151	69	1
152	69	1
153	69	1
154	69	1
155	69	1
156	69	1
45	70	1
46	70	1
47	70	1
48	70	1
49	70	1
50	70	1
51	70	1
52	70	1
53	70	1
54	70	1
55	70	1
56	70	1
57	70	1
58	70	1
59	70	1
60	70	1
61	70	1
62	70	1
63	70	1
64	70	1
65	70	1
66	70	1
67	70	1
68	70	1
69	70	1
70	70	1
71	70	1
72	70	1
73	70	1
74	70	1
75	70	1
76	70	1
77	70	1
78	70	1
151	70	1
152	70	1
153	70	1
154	70	1
155	70	1
156	70	1
45	71	1
46	71	1
47	71	1
48	71	1
49	71	1
50	71	1
51	71	1
52	71	1
53	71	1
54	71	1
55	71	1
56	71	1
57	71	1
58	71	1
59	71	1
60	71	1
61	71	1
62	71	1
63	71	1
64	71	1
65	71	1
66	71	1
67	71	1
68	71	1
69	71	1
70	71	1
71	71	1
72	71	1
73	71	1
74	71	1
75	71	1
76	71	1
77	71	1
151	71	1
152	71	1
153	71	1
154	71	1
155	71	1
156	71	1
45	72	1
46	72	1
47	72	1
48	72	1
49	72	1
50	72	1
51	72	1
52	72	1
53	72	1
54	72	1
55	72	1
56	72	1
57	72	1
58	72	1
59	72	1
60	72	1
61	72	1
62	72	1
63	72	1
64	72	1
65	72	1
66	72	1
67	72	1
68	72	1
69	72	1
70	72	1
71	72	1
72	72	1
73	72	1
74	72	1
75	72	1
76	72	1
77	72	1
151	72	1
152	72	1
153	72	1
154	72	1
155	72	1
156	72	1
45	73	1
46	73	1
47	73	1
48	73	1
49	73	1
50	73	1
51	73	1
52	73	1
53	73	1
54	73	1
55	73	1
56	73	1
57	73	1
58	73	1
59	73	1
60	73	1
61	73	1
62	73	1
63	73	1
64	73	1
65	73	1
66	73	1
67	73	1
68	73	1
69	73	1
70	73	1
71	73	1
72	73	1
73	73	1
74	73	1
75	73	1
76	73	1
151	73	1
152	73	1
153	73	1
154	73	1
155	73	1
156	73	1
45	74	1
46	74	1
47	74	1
48	74	1
49	74	1
50	74	1
51	74	1
52	74	1
53	74	1
54	74	1
55	74	1
56	74	1
57	74	1
58	74	1
59	74	1
60	74	1
61	74	1
62	74	1
63	74	1
64	74	1
65	74	1
66	74	1
67	74	1
68	74	1
69	74	1
70	74	1
71	74	1
72	74	1
73	74	1
74	74	1
75	74	1
151	74	1
152	74	1
153	74	1
154	74	1
155	74	1
156	74	1
45	75	1
46	75	1
47	75	1
48	75	1
49	75	1
50	75	1
51	75	1
52	75	1
53	75	1
54	75	1
55	75	1
56	75	1
57	75	1
58	75	1
59	75	1
60	75	1
61	75	1
62	75	1
63	75	1
64	75	1
65	75	1
66	75	1
67	75	1
68	75	1
69	75	1
70	75	1
71	75	1
72	75	1
73	75	1
74	75	1
75	75	1
151	75	1
152	75	1
153	75	1
154	75	1
155	75	1
156	75	1
45	76	1
46	76	1
47	76	1
48	76	1
49	76	1
50	76	1
51	76	1
52	76	1
53	76	1
54	76	1
55	76	1
56	76	1
57	76	1
58	76	1
59	76	1
60	76	1
61	76	1
62	76	1
63	76	1
64	76	1
65	76	1
66	76	1
67	76	1
68	76	1
69	76	1
70	76	1
71	76	1
72	76	1
73	76	1
74	76	1
75	76	1
151	76	1
152	76	1
153	76	1
154	76	1
155	76	1
156	76	1
45	77	1
46	77	1
47	77	1
48	77	1
49	77	1
50	77	1
51	77	1
52	77	1
53	77	1
54	77	1
55	77	1
56	77	1
57	77	1
58	77	1
59	77	1
60	77	1
61	77	1
62	77	1
63	77	1
64	77	1
65	77	1
66	77	1
67	77	1
68	77	1
69	77	1
70	77	1
71	77	1
72	77	1
73	77	1
74	77	1
75	77	1
151	77	1
152	77	1
153	77	1
154	77	1
155	77	1
156	77	1
45	78	1
46	78	1
47	78	1
48	78	1
49	78	1
50	78	1
51	78	1
52	78	1
53	78	1
54	78	1
55	78	1
56	78	1
57	78	1
58	78	1
59	78	1
60	78	1
61	78	1
62	78	1
63	78	1
64	78	1
65	78	1
66	78	1
67	78	1
68	78	1
69	78	1
70	78	1
71	78	1
72	78	1
73	78	1
74	78	1
151	78	1
152	78	1
153	78	1
154	78	1
155	78	1
156	78	1
45	79	1
46	79	1
47	79	1
48	79	1
49	79	1
50	79	1
51	79	1
52	79	1
53	79	1
54	79	1
55	79	1
56	79	1
57	79	1
58	79	1
59	79	1
60	79	1
61	79	1
62	79	1
63	79	1
64	79	1
65	79	1
66	79	1
67	79	1
68	79	1
69	79	1
70	79	1
71	79	1
72	79	1
151	79	1
152	79	1
153	79	1
154	79	1
155	79	1
156	79	1
45	80	1
46	80	1
47	80	1
48	80	1
49	80	1
50	80	1
51	80	1
52	80	1
53	80	1
54	80	1
55	80	1
56	80	1
57	80	1
58	80	1
59	80	1
60	80	1
61	80	1
62	80	1
63	80	1
64	80	1
65	80	1
66	80	1
67	80	1
68	80	1
69	80	1
70	80	1
71	80	1
151	80	1
152	80	1
153	80	1
154	80	1
155	80	1
156	80	1
45	81	1
46	81	1
47	81	1
48	81	1
49	81	1
50	81	1
51	81	1
52	81	1
53	81	1
54	81	1
55	81	1
56	81	1
57	81	1
58	81	1
59	81	1
60	81	1
61	81	1
62	81	1
63	81	1
64	81	1
65	81	1
66	81	1
67	81	1
68	81	1
69	81	1
70	81	1
71	81	1
151	81	1
152	81	1
153	81	1
154	81	1
155	81	1
156	81	1
45	82	1
46	82	1
47	82	1
48	82	1
49	82	1
50	82	1
51	82	1
52	82	1
53	82	1
54	82	1
55	82	1
56	82	1
57	82	1
58	82	1
59	82	1
60	82	1
61	82	1
62	82	1
63	82	1
64	82	1
65	82	1
66	82	1
67	82	1
68	82	1
69	82	1
70	82	1
151	82	1
152	82	1
153	82	1
154	82	1
155	82	1
156	82	1
45	83	1
46	83	1
47	83	1
48	83	1
49	83	1
50	83	1
51	83	1
52	83	1
53	83	1
54	83	1
55	83	1
56	83	1
57	83	1
58	83	1
59	83	1
60	83	1
61	83	1
62	83	1
63	83	1
64	83	1
65	83	1
66	83	1
67	83	1
68	83	1
69	83	1
150	83	1
151	83	1
152	83	1
153	83	1
154	83	1
155	83	1
45	84	1
46	84	1
47	84	1
48	84	1
49	84	1
50	84	1
51	84	1
52	84	1
53	84	1
54	84	1
55	84	1
56	84	1
57	84	1
58	84	1
59	84	1
60	84	1
61	84	1
62	84	1
63	84	1
64	84	1
65	84	1
66	84	1
67	84	1
68	84	1
69	84	1
84	84	1
85	84	1
86	84	1
87	84	1
88	84	1
89	84	1
90	84	1
91	84	1
150	84	1
151	84	1
152	84	1
153	84	1
154	84	1
155	84	1
45	85	1
46	85	1
47	85	1
48	85	1
49	85	1
50	85	1
51	85	1
52	85	1
53	85	1
54	85	1
55	85	1
56	85	1
57	85	1
58	85	1
59	85	1
60	85	1
61	85	1
62	85	1
63	85	1
64	85	1
65	85	1
66	85	1
67	85	1
68	85	1
81	85	1
82	85	1
83	85	1
84	85	1
85	85	1
86	85	1
87	85	1
88	85	1
89	85	1
90	85	1
91	85	1
92	85	1
93	85	1
94	85	1
95	85	1
96	85	1
97	85	1
98	85	1
99	85	1
100	85	1
101	85	1
102	85	1
150	85	1
151	85	1
152	85	1
153	85	1
154	85	1
155	85	1
45	86	1
46	86	1
47	86	1
48	86	1
49	86	1
50	86	1
51	86	1
52	86	1
53	86	1
54	86	1
55	86	1
56	86	1
57	86	1
58	86	1
59	86	1
60	86	1
61	86	1
62	86	1
63	86	1
64	86	1
65	86	1
66	86	1
67	86	1
68	86	1
80	86	1
81	86	1
82	86	1
83	86	1
84	86	1
85	86	1
86	86	1
87	86	1
88	86	1
89	86	1
90	86	1
91	86	1
92	86	1
93	86	1
94	86	1
95	86	1
96	86	1
97	86	1
98	86	1
99	86	1
100	86	1
101	86	1
102	86	1
103	86	1
104	86	1
105	86	1
106	86	1
107	86	1
150	86	1
151	86	1
152	86	1
153	86	1
154	86	1
155	86	1
156	86	1
45	87	1
46	87	1
47	87	1
48	87	1
49	87	1
50	87	1
51	87	1
52	87	1
53	87	1
54	87	1
55	87	1
56	87	1
57	87	1
58	87	1
59	87	1
60	87	1
61	87	1
62	87	1
63	87	1
64	87	1
65	87	1
66	87	1
67	87	1
79	87	1
80	87	1
81	87	1
82	87	1
83	87	1
84	87	1
85	87	1
86	87	1
87	87	1
88	87	1
89	87	1
90	87	1
91	87	1
92	87	1
93	87	1
94	87	1
95	87	1
96	87	1
97	87	1
98	87	1
99	87	1
100	87	1
101	87	1
102	87	1
103	87	1
104	87	1
105	87	1
106	87	1
107	87	1
108	87	1
150	87	1
151	87	1
152	87	1
153	87	1
154	87	1
155	87	1
156	87	1
45	88	1
46	88	1
47	88	1
48	88	1
49	88	1
50	88	1
51	88	1
52	88	1
53	88	1
54	88	1
55	88	1
56	88	1
57	88	1
58	88	1
59	88	1
60	88	1
61	88	1
62	88	1
63	88	1
64	88	1
65	88	1
66	88	1
67	88	1
79	88	1
80	88	1
81	88	1
82	88	1
83	88	1
84	88	1
85	88	1
86	88	1
87	88	1
88	88	1
89	88	1
90	88	1
91	88	1
92	88	1
93	88	1
94	88	1
95	88	1
96	88	1
97	88	1
98	88	1
99	88	1
100	88	1
101	88	1
102	88	1
103	88	1
104	88	1
105	88	1
106	88	1
107	88	1
108	88	1
109	88	1
150	88	1
151	88	1
152	88	1
153	88	1
154	88	1
155	88	1
156	88	1
157	88	1
45	89	1
46	89	1
47	89	1
48	89	1
49	89	1
50	89	1
51	89	1
52	89	1
53	89	1
54	89	1
55	89	1
56	89	1
57	89	1
58	89	1
59	89	1
60	89	1
61	89	1
62	89	1
63	89	1
64	89	1
65	89	1
66	89	1
67	89	1
78	89	1
79	89	1
80	89	1
81	89	1
82	89	1
83	89	1
84	89	1
85	89	1
86	89	1
87	89	1
88	89	1
89	89	1
90	89	1
91	89	1
92	89	1
93	89	1
94	89	1
95	89	1
96	89	1
97	89	1
98	89	1
99	89	1
100	89	1
101	89	1
102	89	1
103	89	1
104	89	1
105	89	1
106	89	1
107	89	1
108	89	1
109	89	1
110	89	1
111	89	1
149	89	1
150	89	1
151	89	1
152	89	1
153	89	1
154	89	1
155	89	1
45	90	1
46	90	1
47	90	1
48	90	1
49	90	1
50	90	1
51	90	1
52	90	1
53	90	1
54	90	1
55	90	1
56	90	1
57	90	1
58	90	1
59	90	1
60	90	1
61	90	1
62	90	1
63	90	1
64	90	1
65	90	1
66	90	1
78	90	1
79	90	1
80	90	1
81	90	1
82	90	1
83	90	1
84	90	1
85	90	1
86	90	1
87	90	1
88	90	1
89	90	1
90	90	1
91	90	1
92	90	1
93	90	1
94	90	1
95	90	1
96	90	1
97	90	1
98	90	1
99	90	1
100	90	1
101	90	1
102	90	1
103	90	1
104	90	1
105	90	1
106	90	1
107	90	1
108	90	1
109	90	1
110	90	1
111	90	1
112	90	1
139	90	1
140	90	1
141	90	1
142	90	1
144	90	1
145	90	1
146	90	1
147	90	1
148	90	1
149	90	1
150	90	1
151	90	1
152	90	1
153	90	1
154	90	1
45	91	1
46	91	1
47	91	1
48	91	1
49	91	1
50	91	1
51	91	1
52	91	1
53	91	1
54	91	1
55	91	1
56	91	1
57	91	1
58	91	1
59	91	1
60	91	1
61	91	1
62	91	1
63	91	1
64	91	1
65	91	1
66	91	1
81	91	1
82	91	1
83	91	1
84	91	1
85	91	1
86	91	1
87	91	1
88	91	1
90	91	1
91	91	1
92	91	1
93	91	1
94	91	1
95	91	1
96	91	1
97	91	1
98	91	1
99	91	1
100	91	1
101	91	1
102	91	1
103	91	1
104	91	1
105	91	1
106	91	1
107	91	1
108	91	1
109	91	1
110	91	1
111	91	1
112	91	1
135	91	1
136	91	1
137	91	1
138	91	1
139	91	1
140	91	1
141	91	1
142	91	1
143	91	1
144	91	1
145	91	1
146	91	1
147	91	1
148	91	1
149	91	1
150	91	1
151	91	1
152	91	1
153	91	1
154	91	1
46	92	1
47	92	1
48	92	1
49	92	1
50	92	1
51	92	1
52	92	1
53	92	1
54	92	1
55	92	1
56	92	1
57	92	1
58	92	1
59	92	1
60	92	1
61	92	1
62	92	1
63	92	1
64	92	1
65	92	1
66	92	1
86	92	1
87	92	1
88	92	1
89	92	1
90	92	1
91	92	1
92	92	1
93	92	1
94	92	1
95	92	1
96	92	1
97	92	1
98	92	1
99	92	1
100	92	1
101	92	1
102	92	1
103	92	1
104	92	1
105	92	1
106	92	1
107	92	1
108	92	1
109	92	1
110	92	1
111	92	1
112	92	1
113	92	1
133	92	1
134	92	1
135	92	1
136	92	1
137	92	1
138	92	1
139	92	1
140	92	1
141	92	1
142	92	1
143	92	1
144	92	1
145	92	1
146	92	1
147	92	1
148	92	1
149	92	1
150	92	1
151	92	1
152	92	1
153	92	1
154	92	1
155	92	1
46	93	1
47	93	1
48	93	1
49	93	1
50	93	1
51	93	1
52	93	1
53	93	1
54	93	1
55	93	1
56	93	1
57	93	1
58	93	1
59	93	1
60	93	1
61	93	1
62	93	1
63	93	1
64	93	1
65	93	1
66	93	1
85	93	1
86	93	1
87	93	1
88	93	1
89	93	1
90	93	1
91	93	1
92	93	1
93	93	1
94	93	1
95	93	1
96	93	1
97	93	1
98	93	1
99	93	1
100	93	1
101	93	1
102	93	1
103	93	1
104	93	1
105	93	1
106	93	1
107	93	1
108	93	1
109	93	1
110	93	1
111	93	1
112	93	1
113	93	1
131	93	1
132	93	1
133	93	1
134	93	1
135	93	1
136	93	1
137	93	1
138	93	1
139	93	1
140	93	1
141	93	1
142	93	1
143	93	1
144	93	1
145	93	1
146	93	1
147	93	1
148	93	1
149	93	1
150	93	1
151	93	1
152	93	1
153	93	1
154	93	1
155	93	1
46	94	1
47	94	1
48	94	1
49	94	1
50	94	1
51	94	1
52	94	1
53	94	1
54	94	1
55	94	1
56	94	1
57	94	1
58	94	1
59	94	1
60	94	1
61	94	1
62	94	1
63	94	1
64	94	1
65	94	1
66	94	1
83	94	1
84	94	1
85	94	1
86	94	1
87	94	1
88	94	1
89	94	1
90	94	1
91	94	1
92	94	1
93	94	1
94	94	1
95	94	1
96	94	1
97	94	1
98	94	1
99	94	1
100	94	1
101	94	1
102	94	1
103	94	1
104	94	1
105	94	1
106	94	1
107	94	1
108	94	1
109	94	1
110	94	1
111	94	1
112	94	1
130	94	1
131	94	1
132	94	1
133	94	1
134	94	1
135	94	1
136	94	1
137	94	1
138	94	1
139	94	1
140	94	1
141	94	1
142	94	1
143	94	1
144	94	1
145	94	1
146	94	1
147	94	1
148	94	1
149	94	1
150	94	1
151	94	1
152	94	1
153	94	1
154	94	1
155	94	1
46	95	1
47	95	1
48	95	1
49	95	1
50	95	1
51	95	1
52	95	1
53	95	1
54	95	1
55	95	1
56	95	1
57	95	1
58	95	1
59	95	1
60	95	1
61	95	1
62	95	1
63	95	1
64	95	1
65	95	1
66	95	1
82	95	1
83	95	1
84	95	1
85	95	1
86	95	1
87	95	1
88	95	1
89	95	1
90	95	1
91	95	1
92	95	1
93	95	1
94	95	1
95	95	1
96	95	1
97	95	1
98	95	1
99	95	1
100	95	1
101	95	1
102	95	1
103	95	1
104	95	1
105	95	1
106	95	1
107	95	1
108	95	1
109	95	1
110	95	1
129	95	1
130	95	1
131	95	1
132	95	1
133	95	1
134	95	1
135	95	1
136	95	1
137	95	1
138	95	1
139	95	1
140	95	1
141	95	1
142	95	1
143	95	1
144	95	1
145	95	1
146	95	1
147	95	1
148	95	1
149	95	1
150	95	1
151	95	1
152	95	1
153	95	1
154	95	1
155	95	1
46	96	1
47	96	1
48	96	1
49	96	1
50	96	1
51	96	1
52	96	1
53	96	1
54	96	1
55	96	1
56	96	1
57	96	1
58	96	1
59	96	1
60	96	1
61	96	1
62	96	1
63	96	1
64	96	1
65	96	1
81	96	1
82	96	1
83	96	1
84	96	1
85	96	1
86	96	1
87	96	1
88	96	1
89	96	1
90	96	1
91	96	1
92	96	1
93	96	1
94	96	1
95	96	1
96	96	1
97	96	1
98	96	1
99	96	1
100	96	1
101	96	1
102	96	1
103	96	1
104	96	1
105	96	1
106	96	1
107	96	1
108	96	1
109	96	1
110	96	1
128	96	1
129	96	1
130	96	1
131	96	1
132	96	1
133	96	1
134	96	1
135	96	1
136	96	1
137	96	1
138	96	1
139	96	1
140	96	1
141	96	1
142	96	1
143	96	1
144	96	1
145	96	1
146	96	1
147	96	1
148	96	1
149	96	1
150	96	1
151	96	1
152	96	1
153	96	1
154	96	1
47	97	1
48	97	1
49	97	1
50	97	1
51	97	1
52	97	1
53	97	1
54	97	1
55	97	1
56	97	1
57	97	1
58	97	1
59	97	1
60	97	1
61	97	1
62	97	1
63	97	1
64	97	1
65	97	1
81	97	1
82	97	1
83	97	1
84	97	1
85	97	1
86	97	1
87	97	1
88	97	1
89	97	1
90	97	1
91	97	1
92	97	1
93	97	1
94	97	1
95	97	1
96	97	1
97	97	1
100	97	1
101	97	1
102	97	1
103	97	1
104	97	1
105	97	1
106	97	1
107	97	1
108	97	1
109	97	1
110	97	1
127	97	1
128	97	1
129	97	1
130	97	1
131	97	1
132	97	1
133	97	1
134	97	1
135	97	1
136	97	1
137	97	1
138	97	1
139	97	1
140	97	1
141	97	1
142	97	1
143	97	1
144	97	1
145	97	1
147	97	1
148	97	1
149	97	1
150	97	1
151	97	1
152	97	1
153	97	1
154	97	1
47	98	1
48	98	1
49	98	1
50	98	1
51	98	1
52	98	1
53	98	1
54	98	1
55	98	1
56	98	1
57	98	1
58	98	1
59	98	1
60	98	1
61	98	1
62	98	1
63	98	1
64	98	1
65	98	1
81	98	1
82	98	1
83	98	1
84	98	1
85	98	1
86	98	1
87	98	1
88	98	1
89	98	1
90	98	1
91	98	1
92	98	1
93	98	1
94	98	1
95	98	1
96	98	1
100	98	1
101	98	1
102	98	1
103	98	1
104	98	1
105	98	1
106	98	1
107	98	1
108	98	1
109	98	1
110	98	1
111	98	1
126	98	1
127	98	1
128	98	1
129	98	1
130	98	1
131	98	1
132	98	1
133	98	1
134	98	1
135	98	1
136	98	1
137	98	1
138	98	1
139	98	1
140	98	1
141	98	1
142	98	1
143	98	1
144	98	1
145	98	1
149	98	1
150	98	1
151	98	1
152	98	1
153	98	1
48	99	1
49	99	1
50	99	1
51	99	1
52	99	1
53	99	1
54	99	1
55	99	1
56	99	1
57	99	1
58	99	1
59	99	1
60	99	1
61	99	1
62	99	1
63	99	1
64	99	1
82	99	1
83	99	1
84	99	1
85	99	1
86	99	1
87	99	1
88	99	1
89	99	1
90	99	1
91	99	1
92	99	1
93	99	1
94	99	1
95	99	1
96	99	1
100	99	1
101	99	1
102	99	1
103	99	1
104	99	1
105	99	1
106	99	1
107	99	1
108	99	1
109	99	1
110	99	1
111	99	1
112	99	1
126	99	1
127	99	1
128	99	1
129	99	1
130	99	1
131	99	1
132	99	1
133	99	1
134	99	1
135	99	1
136	99	1
137	99	1
138	99	1
139	99	1
140	99	1
141	99	1
142	99	1
143	99	1
144	99	1
145	99	1
150	99	1
151	99	1
152	99	1
153	99	1
49	100	1
50	100	1
51	100	1
52	100	1
53	100	1
54	100	1
55	100	1
56	100	1
57	100	1
58	100	1
59	100	1
60	100	1
61	100	1
62	100	1
63	100	1
64	100	1
91	100	1
92	100	1
93	100	1
94	100	1
95	100	1
100	100	1
101	100	1
102	100	1
103	100	1
104	100	1
105	100	1
106	100	1
108	100	1
109	100	1
110	100	1
111	100	1
112	100	1
126	100	1
127	100	1
128	100	1
129	100	1
130	100	1
131	100	1
132	100	1
133	100	1
134	100	1
135	100	1
136	100	1
137	100	1
138	100	1
139	100	1
140	100	1
141	100	1
142	100	1
143	100	1
144	100	1
145	100	1
146	100	1
150	100	1
151	100	1
152	100	1
40	101	1
41	101	1
42	101	1
43	101	1
44	101	1
45	101	1
51	101	1
52	101	1
53	101	1
54	101	1
55	101	1
56	101	1
57	101	1
58	101	1
59	101	1
60	101	1
61	101	1
62	101	1
63	101	1
64	101	1
105	101	1
106	101	1
109	101	1
110	101	1
111	101	1
126	101	1
127	101	1
128	101	1
129	101	1
130	101	1
131	101	1
132	101	1
133	101	1
134	101	1
135	101	1
136	101	1
137	101	1
138	101	1
139	101	1
141	101	1
142	101	1
143	101	1
144	101	1
145	101	1
146	101	1
149	101	1
150	101	1
151	101	1
40	102	1
41	102	1
42	102	1
43	102	1
44	102	1
45	102	1
52	102	1
53	102	1
54	102	1
55	102	1
56	102	1
57	102	1
58	102	1
59	102	1
60	102	1
61	102	1
62	102	1
63	102	1
64	102	1
126	102	1
127	102	1
128	102	1
129	102	1
130	102	1
131	102	1
132	102	1
133	102	1
134	102	1
135	102	1
136	102	1
137	102	1
138	102	1
139	102	1
142	102	1
143	102	1
144	102	1
145	102	1
149	102	1
150	102	1
151	102	1
39	103	1
40	103	1
41	103	1
42	103	1
43	103	1
44	103	1
53	103	1
54	103	1
55	103	1
56	103	1
57	103	1
58	103	1
59	103	1
60	103	1
61	103	1
62	103	1
63	103	1
127	103	1
128	103	1
129	103	1
130	103	1
131	103	1
132	103	1
133	103	1
134	103	1
135	103	1
136	103	1
137	103	1
138	103	1
139	103	1
143	103	1
144	103	1
145	103	1
149	103	1
150	103	1
39	104	1
40	104	1
41	104	1
42	104	1
43	104	1
54	104	1
55	104	1
56	104	1
57	104	1
58	104	1
59	104	1
60	104	1
61	104	1
62	104	1
63	104	1
127	104	1
128	104	1
129	104	1
130	104	1
131	104	1
132	104	1
133	104	1
134	104	1
135	104	1
136	104	1
137	104	1
138	104	1
143	104	1
144	104	1
145	104	1
149	104	1
150	104	1
39	105	1
40	105	1
41	105	1
42	105	1
55	105	1
56	105	1
57	105	1
58	105	1
59	105	1
60	105	1
61	105	1
62	105	1
63	105	1
136	105	1
137	105	1
149	105	1
39	106	1
40	106	1
41	106	1
42	106	1
56	106	1
57	106	1
58	106	1
59	106	1
60	106	1
61	106	1
62	106	1
63	106	1
149	106	1
39	107	1
40	107	1
41	107	1
42	107	1
56	107	1
57	107	1
58	107	1
59	107	1
60	107	1
61	107	1
62	107	1
63	107	1
149	107	1
39	108	1
40	108	1
41	108	1
42	108	1
55	108	1
56	108	1
57	108	1
58	108	1
59	108	1
60	108	1
61	108	1
62	108	1
63	108	1
149	108	1
39	109	1
40	109	1
41	109	1
42	109	1
55	109	1
56	109	1
57	109	1
58	109	1
59	109	1
60	109	1
61	109	1
62	109	1
63	109	1
149	109	1
39	110	1
40	110	1
41	110	1
42	110	1
51	110	1
52	110	1
55	110	1
56	110	1
57	110	1
58	110	1
59	110	1
60	110	1
61	110	1
62	110	1
63	110	1
64	110	1
149	110	1
150	110	1
40	111	1
41	111	1
42	111	1
50	111	1
51	111	1
52	111	1
53	111	1
55	111	1
56	111	1
58	111	1
59	111	1
60	111	1
61	111	1
62	111	1
63	111	1
64	111	1
149	111	1
150	111	1
40	112	1
41	112	1
42	112	1
49	112	1
50	112	1
51	112	1
52	112	1
53	112	1
55	112	1
56	112	1
59	112	1
60	112	1
61	112	1
62	112	1
63	112	1
64	112	1
149	112	1
150	112	1
40	113	1
41	113	1
42	113	1
48	113	1
49	113	1
50	113	1
51	113	1
52	113	1
53	113	1
54	113	1
59	113	1
60	113	1
61	113	1
62	113	1
63	113	1
64	113	1
149	113	1
150	113	1
41	114	1
42	114	1
48	114	1
49	114	1
50	114	1
51	114	1
52	114	1
53	114	1
54	114	1
59	114	1
60	114	1
61	114	1
62	114	1
63	114	1
64	114	1
65	114	1
149	114	1
150	114	1
151	114	1
41	115	1
42	115	1
48	115	1
49	115	1
50	115	1
51	115	1
52	115	1
53	115	1
59	115	1
60	115	1
61	115	1
62	115	1
63	115	1
64	115	1
65	115	1
149	115	1
150	115	1
151	115	1
41	116	1
42	116	1
48	116	1
49	116	1
50	116	1
51	116	1
52	116	1
59	116	1
60	116	1
61	116	1
62	116	1
63	116	1
64	116	1
65	116	1
149	116	1
150	116	1
151	116	1
42	117	1
48	117	1
49	117	1
50	117	1
51	117	1
52	117	1
59	117	1
60	117	1
61	117	1
62	117	1
63	117	1
64	117	1
65	117	1
149	117	1
150	117	1
42	118	1
43	118	1
47	118	1
48	118	1
49	118	1
50	118	1
51	118	1
52	118	1
53	118	1
59	118	1
60	118	1
61	118	1
62	118	1
63	118	1
64	118	1
65	118	1
149	118	1
150	118	1
42	119	1
43	119	1
47	119	1
48	119	1
49	119	1
50	119	1
51	119	1
52	119	1
53	119	1
59	119	1
60	119	1
61	119	1
62	119	1
63	119	1
64	119	1
65	119	1
149	119	1
150	119	1
42	120	1
43	120	1
48	120	1
49	120	1
50	120	1
51	120	1
52	120	1
53	120	1
54	120	1
60	120	1
61	120	1
62	120	1
63	120	1
64	120	1
65	120	1
148	120	1
149	120	1
150	120	1
43	121	1
48	121	1
49	121	1
50	121	1
51	121	1
52	121	1
53	121	1
54	121	1
55	121	1
60	121	1
61	121	1
62	121	1
63	121	1
64	121	1
65	121	1
66	121	1
148	121	1
149	121	1
150	121	1
49	122	1
50	122	1
51	122	1
52	122	1
53	122	1
54	122	1
55	122	1
60	122	1
61	122	1
62	122	1
63	122	1
64	122	1
65	122	1
66	122	1
148	122	1
149	122	1
50	123	1
51	123	1
52	123	1
53	123	1
54	123	1
55	123	1
56	123	1
60	123	1
61	123	1
62	123	1
63	123	1
64	123	1
65	123	1
66	123	1
51	124	1
52	124	1
53	124	1
54	124	1
55	124	1
56	124	1
59	124	1
60	124	1
61	124	1
62	124	1
63	124	1
64	124	1
65	124	1
66	124	1
53	125	1
54	125	1
55	125	1
56	125	1
59	125	1
60	125	1
61	125	1
62	125	1
63	125	1
64	125	1
65	125	1
66	125	1
54	126	1
55	126	1
59	126	1
60	126	1
61	126	1
62	126	1
63	126	1
64	126	1
65	126	1
66	126	1
112	126	1
113	126	1
114	126	1
58	127	1
59	127	1
60	127	1
61	127	1
62	127	1
63	127	1
64	127	1
65	127	1
66	127	1
111	127	1
112	127	1
113	127	1
114	127	1
115	127	1
116	127	1
57	128	1
58	128	1
59	128	1
60	128	1
61	128	1
62	128	1
63	128	1
64	128	1
65	128	1
66	128	1
67	128	1
111	128	1
112	128	1
113	128	1
114	128	1
115	128	1
116	128	1
117	128	1
56	129	1
57	129	1
58	129	1
59	129	1
60	129	1
61	129	1
62	129	1
63	129	1
64	129	1
65	129	1
66	129	1
67	129	1
68	129	1
110	129	1
111	129	1
112	129	1
113	129	1
114	129	1
115	129	1
116	129	1
117	129	1
127	129	1
56	130	1
57	130	1
58	130	1
59	130	1
60	130	1
61	130	1
62	130	1
63	130	1
64	130	1
65	130	1
66	130	1
67	130	1
68	130	1
107	130	1
108	130	1
109	130	1
110	130	1
111	130	1
112	130	1
113	130	1
114	130	1
115	130	1
116	130	1
117	130	1
118	130	1
126	130	1
127	130	1
56	131	1
57	131	1
58	131	1
59	131	1
60	131	1
61	131	1
62	131	1
63	131	1
64	131	1
65	131	1
66	131	1
67	131	1
68	131	1
69	131	1
107	131	1
108	131	1
109	131	1
110	131	1
111	131	1
112	131	1
113	131	1
114	131	1
115	131	1
116	131	1
117	131	1
118	131	1
124	131	1
125	131	1
126	131	1
127	131	1
57	132	1
58	132	1
59	132	1
60	132	1
61	132	1
62	132	1
63	132	1
64	132	1
65	132	1
66	132	1
67	132	1
68	132	1
69	132	1
107	132	1
108	132	1
109	132	1
110	132	1
111	132	1
112	132	1
113	132	1
114	132	1
115	132	1
116	132	1
117	132	1
118	132	1
122	132	1
123	132	1
124	132	1
125	132	1
126	132	1
58	133	1
59	133	1
60	133	1
61	133	1
62	133	1
63	133	1
64	133	1
65	133	1
66	133	1
67	133	1
68	133	1
69	133	1
108	133	1
109	133	1
110	133	1
111	133	1
112	133	1
113	133	1
114	133	1
115	133	1
116	133	1
117	133	1
118	133	1
119	133	1
120	133	1
121	133	1
122	133	1
123	133	1
124	133	1
125	133	1
54	134	1
55	134	1
56	134	1
57	134	1
58	134	1
59	134	1
60	134	1
61	134	1
62	134	1
63	134	1
64	134	1
65	134	1
66	134	1
67	134	1
68	134	1
69	134	1
110	134	1
111	134	1
112	134	1
113	134	1
114	134	1
115	134	1
116	134	1
117	134	1
118	134	1
119	134	1
120	134	1
121	134	1
122	134	1
123	134	1
124	134	1
54	135	1
55	135	1
56	135	1
57	135	1
58	135	1
59	135	1
60	135	1
61	135	1
62	135	1
63	135	1
64	135	1
65	135	1
66	135	1
67	135	1
68	135	1
112	135	1
113	135	1
114	135	1
115	135	1
116	135	1
117	135	1
118	135	1
119	135	1
120	135	1
121	135	1
122	135	1
123	135	1
54	136	1
55	136	1
56	136	1
57	136	1
58	136	1
59	136	1
60	136	1
61	136	1
62	136	1
63	136	1
64	136	1
65	136	1
66	136	1
67	136	1
68	136	1
69	136	1
115	136	1
116	136	1
117	136	1
118	136	1
119	136	1
120	136	1
121	136	1
54	137	1
55	137	1
56	137	1
57	137	1
58	137	1
59	137	1
60	137	1
61	137	1
62	137	1
63	137	1
64	137	1
65	137	1
66	137	1
67	137	1
68	137	1
69	137	1
117	137	1
118	137	1
119	137	1
120	137	1
54	138	1
55	138	1
56	138	1
57	138	1
58	138	1
59	138	1
60	138	1
61	138	1
62	138	1
63	138	1
64	138	1
65	138	1
66	138	1
67	138	1
68	138	1
69	138	1
70	138	1
117	138	1
118	138	1
119	138	1
120	138	1
54	139	1
55	139	1
56	139	1
57	139	1
58	139	1
59	139	1
60	139	1
61	139	1
62	139	1
63	139	1
64	139	1
65	139	1
66	139	1
67	139	1
68	139	1
69	139	1
70	139	1
71	139	1
116	139	1
117	139	1
118	139	1
119	139	1
54	140	1
55	140	1
56	140	1
57	140	1
58	140	1
59	140	1
60	140	1
61	140	1
62	140	1
63	140	1
64	140	1
65	140	1
66	140	1
67	140	1
68	140	1
69	140	1
70	140	1
71	140	1
116	140	1
117	140	1
118	140	1
119	140	1
54	141	1
55	141	1
56	141	1
57	141	1
58	141	1
59	141	1
60	141	1
61	141	1
62	141	1
63	141	1
64	141	1
65	141	1
66	141	1
67	141	1
68	141	1
69	141	1
70	141	1
71	141	1
116	141	1
117	141	1
118	141	1
119	141	1
54	142	1
55	142	1
56	142	1
57	142	1
58	142	1
59	142	1
60	142	1
61	142	1
62	142	1
63	142	1
64	142	1
65	142	1
66	142	1
67	142	1
68	142	1
69	142	1
70	142	1
71	142	1
72	142	1
116	142	1
117	142	1
118	142	1
119	142	1
54	143	1
55	143	1
56	143	1
57	143	1
58	143	1
59	143	1
60	143	1
61	143	1
62	143	1
63	143	1
64	143	1
65	143	1
66	143	1
67	143	1
68	143	1
69	143	1
70	143	1
71	143	1
72	143	1
117	143	1
118	143	1
119	143	1
54	144	1
55	144	1
56	144	1
57	144	1
58	144	1
59	144	1
60	144	1
61	144	1
62	144	1
63	144	1
64	144	1
65	144	1
66	144	1
67	144	1
68	144	1
69	144	1
70	144	1
71	144	1
72	144	1
73	144	1
54	145	1
55	145	1
56	145	1
57	145	1
58	145	1
59	145	1
60	145	1
61	145	1
62	145	1
63	145	1
64	145	1
65	145	1
66	145	1
67	145	1
68	145	1
69	145	1
70	145	1
71	145	1
72	145	1
73	145	1
74	145	1
75	145	1
76	145	1
77	145	1
54	146	1
55	146	1
56	146	1
57	146	1
58	146	1
59	146	1
60	146	1
61	146	1
62	146	1
63	146	1
64	146	1
65	146	1
66	146	1
67	146	1
68	146	1
69	146	1
70	146	1
71	146	1
72	146	1
73	146	1
74	146	1
75	146	1
76	146	1
77	146	1
78	146	1
54	147	1
55	147	1
56	147	1
57	147	1
58	147	1
59	147	1
60	147	1
61	147	1
62	147	1
63	147	1
64	147	1
65	147	1
66	147	1
67	147	1
68	147	1
69	147	1
70	147	1
71	147	1
72	147	1
73	147	1
74	147	1
75	147	1
76	147	1
77	147	1
78	147	1
79	147	1
80	147	1
81	147	1
96	147	1
54	148	1
55	148	1
56	148	1
57	148	1
58	148	1
59	148	1
60	148	1
61	148	1
62	148	1
63	148	1
64	148	1
65	148	1
66	148	1
67	148	1
68	148	1
69	148	1
70	148	1
71	148	1
72	148	1
73	148	1
74	148	1
75	148	1
76	148	1
77	148	1
78	148	1
79	148	1
80	148	1
81	148	1
82	148	1
83	148	1
92	148	1
93	148	1
94	148	1
95	148	1
96	148	1
103	148	1
104	148	1
105	148	1
106	148	1
107	148	1
108	148	1
109	148	1
110	148	1
111	148	1
112	148	1
113	148	1
114	148	1
115	148	1
116	148	1
117	148	1
118	148	1
129	148	1
130	148	1
54	149	1
55	149	1
56	149	1
57	149	1
58	149	1
59	149	1
60	149	1
61	149	1
62	149	1
63	149	1
64	149	1
65	149	1
66	149	1
67	149	1
68	149	1
69	149	1
70	149	1
71	149	1
72	149	1
73	149	1
74	149	1
75	149	1
76	149	1
77	149	1
78	149	1
79	149	1
80	149	1
81	149	1
82	149	1
83	149	1
92	149	1
93	149	1
94	149	1
95	149	1
96	149	1
97	149	1
98	149	1
99	149	1
100	149	1
101	149	1
102	149	1
103	149	1
104	149	1
105	149	1
106	149	1
107	149	1
108	149	1
109	149	1
110	149	1
111	149	1
112	149	1
113	149	1
114	149	1
115	149	1
116	149	1
117	149	1
118	149	1
119	149	1
120	149	1
121	149	1
122	149	1
123	149	1
129	149	1
130	149	1
54	150	1
55	150	1
56	150	1
57	150	1
58	150	1
59	150	1
60	150	1
61	150	1
62	150	1
63	150	1
64	150	1
65	150	1
66	150	1
67	150	1
68	150	1
69	150	1
70	150	1
71	150	1
72	150	1
73	150	1
74	150	1
75	150	1
76	150	1
77	150	1
78	150	1
79	150	1
80	150	1
81	150	1
82	150	1
83	150	1
91	150	1
92	150	1
93	150	1
94	150	1
95	150	1
96	150	1
97	150	1
98	150	1
99	150	1
100	150	1
101	150	1
102	150	1
103	150	1
104	150	1
105	150	1
106	150	1
107	150	1
108	150	1
109	150	1
110	150	1
111	150	1
112	150	1
113	150	1
114	150	1
115	150	1
116	150	1
117	150	1
118	150	1
119	150	1
120	150	1
121	150	1
122	150	1
123	150	1
124	150	1
125	150	1
129	150	1
130	150	1
131	150	1
132	150	1
141	150	1
54	151	1
55	151	1
56	151	1
57	151	1
58	151	1
59	151	1
60	151	1
61	151	1
62	151	1
63	151	1
64	151	1
65	151	1
66	151	1
67	151	1
68	151	1
69	151	1
70	151	1
71	151	1
72	151	1
73	151	1
74	151	1
75	151	1
76	151	1
77	151	1
78	151	1
79	151	1
80	151	1
81	151	1
82	151	1
83	151	1
91	151	1
92	151	1
93	151	1
94	151	1
95	151	1
96	151	1
97	151	1
98	151	1
99	151	1
100	151	1
101	151	1
102	151	1
103	151	1
104	151	1
105	151	1
106	151	1
107	151	1
108	151	1
109	151	1
110	151	1
111	151	1
112	151	1
113	151	1
114	151	1
115	151	1
116	151	1
117	151	1
118	151	1
119	151	1
120	151	1
121	151	1
122	151	1
123	151	1
124	151	1
125	151	1
126	151	1
127	151	1
128	151	1
129	151	1
130	151	1
131	151	1
132	151	1
133	151	1
134	151	1
140	151	1
141	151	1
54	152	1
55	152	1
56	152	1
57	152	1
58	152	1
59	152	1
60	152	1
61	152	1
62	152	1
63	152	1
64	152	1
65	152	1
66	152	1
67	152	1
68	152	1
69	152	1
70	152	1
71	152	1
72	152	1
73	152	1
74	152	1
75	152	1
76	152	1
77	152	1
78	152	1
79	152	1
80	152	1
81	152	1
82	152	1
83	152	1
94	152	1
95	152	1
96	152	1
97	152	1
98	152	1
99	152	1
100	152	1
101	152	1
102	152	1
103	152	1
104	152	1
105	152	1
106	152	1
107	152	1
108	152	1
109	152	1
110	152	1
111	152	1
112	152	1
113	152	1
114	152	1
115	152	1
116	152	1
117	152	1
118	152	1
119	152	1
120	152	1
121	152	1
122	152	1
123	152	1
124	152	1
125	152	1
126	152	1
127	152	1
128	152	1
129	152	1
130	152	1
131	152	1
132	152	1
133	152	1
140	152	1
141	152	1
54	153	1
55	153	1
56	153	1
57	153	1
58	153	1
59	153	1
60	153	1
61	153	1
62	153	1
63	153	1
64	153	1
65	153	1
66	153	1
67	153	1
68	153	1
69	153	1
70	153	1
71	153	1
72	153	1
73	153	1
74	153	1
75	153	1
76	153	1
77	153	1
78	153	1
79	153	1
80	153	1
81	153	1
82	153	1
83	153	1
84	153	1
94	153	1
95	153	1
96	153	1
102	153	1
103	153	1
104	153	1
105	153	1
106	153	1
107	153	1
108	153	1
109	153	1
110	153	1
111	153	1
112	153	1
113	153	1
114	153	1
115	153	1
116	153	1
117	153	1
118	153	1
119	153	1
120	153	1
121	153	1
122	153	1
123	153	1
124	153	1
125	153	1
126	153	1
127	153	1
128	153	1
129	153	1
130	153	1
131	153	1
132	153	1
139	153	1
140	153	1
141	153	1
53	154	1
54	154	1
55	154	1
56	154	1
57	154	1
58	154	1
59	154	1
60	154	1
61	154	1
62	154	1
63	154	1
64	154	1
65	154	1
66	154	1
67	154	1
68	154	1
69	154	1
70	154	1
71	154	1
72	154	1
73	154	1
74	154	1
75	154	1
76	154	1
77	154	1
78	154	1
79	154	1
80	154	1
81	154	1
82	154	1
83	154	1
84	154	1
85	154	1
95	154	1
139	154	1
140	154	1
141	154	1
53	155	1
54	155	1
55	155	1
56	155	1
57	155	1
58	155	1
59	155	1
60	155	1
61	155	1
62	155	1
63	155	1
64	155	1
65	155	1
66	155	1
67	155	1
68	155	1
69	155	1
70	155	1
71	155	1
72	155	1
73	155	1
74	155	1
75	155	1
76	155	1
77	155	1
78	155	1
79	155	1
80	155	1
81	155	1
82	155	1
83	155	1
84	155	1
85	155	1
138	155	1
139	155	1
140	155	1
52	156	1
53	156	1
54	156	1
55	156	1
56	156	1
57	156	1
58	156	1
59	156	1
60	156	1
61	156	1
62	156	1
63	156	1
64	156	1
65	156	1
66	156	1
67	156	1
68	156	1
69	156	1
70	156	1
71	156	1
72	156	1
73	156	1
74	156	1
75	156	1
76	156	1
77	156	1
78	156	1
79	156	1
80	156	1
81	156	1
82	156	1
83	156	1
84	156	1
85	156	1
86	156	1
137	156	1
138	156	1
139	156	1
140	156	1
54	157	1
55	157	1
56	157	1
57	157	1
58	157	1
59	157	1
60	157	1
61	157	1
62	157	1
63	157	1
64	157	1
65	157	1
66	157	1
67	157	1
68	157	1
69	157	1
70	157	1
71	157	1
72	157	1
73	157	1
74	157	1
75	157	1
76	157	1
77	157	1
78	157	1
79	157	1
80	157	1
81	157	1
82	157	1
83	157	1
84	157	1
85	157	1
86	157	1
91	157	1
92	157	1
93	157	1
94	157	1
137	157	1
138	157	1
139	157	1
140	157	1
53	158	1
54	158	1
55	158	1
56	158	1
57	158	1
58	158	1
59	158	1
60	158	1
61	158	1
62	158	1
63	158	1
64	158	1
65	158	1
66	158	1
67	158	1
68	158	1
69	158	1
70	158	1
71	158	1
72	158	1
73	158	1
74	158	1
75	158	1
76	158	1
77	158	1
78	158	1
79	158	1
80	158	1
81	158	1
82	158	1
83	158	1
84	158	1
85	158	1
86	158	1
87	158	1
91	158	1
92	158	1
93	158	1
94	158	1
136	158	1
137	158	1
138	158	1
139	158	1
53	159	1
54	159	1
55	159	1
56	159	1
57	159	1
58	159	1
59	159	1
60	159	1
61	159	1
62	159	1
63	159	1
64	159	1
65	159	1
66	159	1
67	159	1
68	159	1
69	159	1
70	159	1
71	159	1
72	159	1
73	159	1
74	159	1
75	159	1
76	159	1
77	159	1
78	159	1
79	159	1
80	159	1
81	159	1
82	159	1
83	159	1
84	159	1
85	159	1
86	159	1
87	159	1
88	159	1
89	159	1
90	159	1
91	159	1
92	159	1
93	159	1
94	159	1
105	159	1
135	159	1
136	159	1
137	159	1
138	159	1
139	159	1
53	160	1
54	160	1
55	160	1
56	160	1
57	160	1
58	160	1
59	160	1
60	160	1
61	160	1
62	160	1
63	160	1
64	160	1
65	160	1
66	160	1
67	160	1
68	160	1
69	160	1
70	160	1
71	160	1
72	160	1
73	160	1
74	160	1
75	160	1
76	160	1
77	160	1
78	160	1
79	160	1
80	160	1
81	160	1
82	160	1
83	160	1
84	160	1
85	160	1
86	160	1
87	160	1
88	160	1
89	160	1
90	160	1
91	160	1
92	160	1
93	160	1
94	160	1
95	160	1
105	160	1
106	160	1
107	160	1
108	160	1
109	160	1
110	160	1
135	160	1
136	160	1
137	160	1
138	160	1
139	160	1
53	161	1
54	161	1
55	161	1
56	161	1
57	161	1
58	161	1
59	161	1
60	161	1
61	161	1
62	161	1
63	161	1
64	161	1
65	161	1
66	161	1
67	161	1
68	161	1
69	161	1
70	161	1
71	161	1
72	161	1
73	161	1
74	161	1
75	161	1
76	161	1
77	161	1
78	161	1
79	161	1
80	161	1
81	161	1
82	161	1
83	161	1
84	161	1
85	161	1
86	161	1
87	161	1
88	161	1
89	161	1
90	161	1
91	161	1
92	161	1
93	161	1
94	161	1
95	161	1
105	161	1
106	161	1
107	161	1
108	161	1
109	161	1
110	161	1
111	161	1
112	161	1
113	161	1
114	161	1
115	161	1
116	161	1
117	161	1
118	161	1
133	161	1
134	161	1
135	161	1
136	161	1
137	161	1
138	161	1
53	162	1
54	162	1
55	162	1
56	162	1
57	162	1
58	162	1
59	162	1
60	162	1
61	162	1
62	162	1
63	162	1
64	162	1
65	162	1
66	162	1
67	162	1
68	162	1
69	162	1
70	162	1
71	162	1
72	162	1
73	162	1
74	162	1
75	162	1
76	162	1
77	162	1
78	162	1
79	162	1
80	162	1
81	162	1
82	162	1
83	162	1
84	162	1
85	162	1
86	162	1
87	162	1
88	162	1
89	162	1
90	162	1
91	162	1
92	162	1
93	162	1
94	162	1
95	162	1
96	162	1
105	162	1
106	162	1
107	162	1
108	162	1
109	162	1
110	162	1
111	162	1
112	162	1
113	162	1
114	162	1
115	162	1
116	162	1
117	162	1
118	162	1
119	162	1
120	162	1
121	162	1
132	162	1
133	162	1
134	162	1
135	162	1
136	162	1
137	162	1
138	162	1
53	163	1
54	163	1
55	163	1
56	163	1
57	163	1
58	163	1
59	163	1
60	163	1
61	163	1
62	163	1
63	163	1
64	163	1
65	163	1
66	163	1
67	163	1
68	163	1
69	163	1
70	163	1
71	163	1
72	163	1
73	163	1
74	163	1
75	163	1
76	163	1
77	163	1
78	163	1
79	163	1
80	163	1
81	163	1
82	163	1
83	163	1
84	163	1
85	163	1
86	163	1
87	163	1
88	163	1
89	163	1
90	163	1
91	163	1
92	163	1
93	163	1
94	163	1
95	163	1
96	163	1
97	163	1
98	163	1
105	163	1
106	163	1
107	163	1
108	163	1
109	163	1
110	163	1
111	163	1
112	163	1
113	163	1
114	163	1
115	163	1
116	163	1
117	163	1
118	163	1
119	163	1
120	163	1
121	163	1
122	163	1
131	163	1
132	163	1
133	163	1
134	163	1
135	163	1
136	163	1
137	163	1
53	164	1
54	164	1
55	164	1
56	164	1
57	164	1
58	164	1
59	164	1
60	164	1
61	164	1
62	164	1
63	164	1
64	164	1
65	164	1
66	164	1
67	164	1
68	164	1
69	164	1
70	164	1
71	164	1
72	164	1
73	164	1
74	164	1
75	164	1
76	164	1
77	164	1
78	164	1
79	164	1
80	164	1
81	164	1
82	164	1
83	164	1
84	164	1
85	164	1
86	164	1
87	164	1
88	164	1
89	164	1
90	164	1
91	164	1
92	164	1
93	164	1
94	164	1
95	164	1
96	164	1
97	164	1
98	164	1
99	164	1
105	164	1
106	164	1
107	164	1
108	164	1
109	164	1
110	164	1
111	164	1
112	164	1
113	164	1
114	164	1
115	164	1
116	164	1
117	164	1
118	164	1
119	164	1
120	164	1
121	164	1
122	164	1
123	164	1
131	164	1
132	164	1
133	164	1
134	164	1
135	164	1
136	164	1
137	164	1
53	165	1
54	165	1
55	165	1
56	165	1
57	165	1
58	165	1
59	165	1
60	165	1
61	165	1
62	165	1
63	165	1
64	165	1
65	165	1
66	165	1
67	165	1
68	165	1
69	165	1
70	165	1
71	165	1
72	165	1
73	165	1
74	165	1
75	165	1
76	165	1
77	165	1
78	165	1
79	165	1
80	165	1
81	165	1
82	165	1
83	165	1
84	165	1
85	165	1
86	165	1
87	165	1
88	165	1
89	165	1
90	165	1
91	165	1
92	165	1
93	165	1
94	165	1
95	165	1
96	165	1
97	165	1
98	165	1
99	165	1
100	165	1
105	165	1
106	165	1
107	165	1
108	165	1
109	165	1
110	165	1
111	165	1
112	165	1
113	165	1
114	165	1
115	165	1
116	165	1
117	165	1
118	165	1
119	165	1
120	165	1
121	165	1
122	165	1
123	165	1
128	165	1
129	165	1
130	165	1
131	165	1
132	165	1
133	165	1
134	165	1
135	165	1
136	165	1
52	166	1
53	166	1
54	166	1
55	166	1
56	166	1
57	166	1
58	166	1
59	166	1
60	166	1
61	166	1
62	166	1
63	166	1
64	166	1
65	166	1
66	166	1
67	166	1
68	166	1
69	166	1
70	166	1
71	166	1
72	166	1
73	166	1
74	166	1
75	166	1
76	166	1
77	166	1
78	166	1
79	166	1
80	166	1
81	166	1
82	166	1
83	166	1
84	166	1
85	166	1
86	166	1
87	166	1
88	166	1
89	166	1
90	166	1
91	166	1
92	166	1
93	166	1
94	166	1
95	166	1
96	166	1
97	166	1
98	166	1
99	166	1
100	166	1
101	166	1
102	166	1
105	166	1
106	166	1
107	166	1
108	166	1
109	166	1
110	166	1
111	166	1
112	166	1
113	166	1
114	166	1
115	166	1
116	166	1
117	166	1
118	166	1
119	166	1
120	166	1
121	166	1
122	166	1
127	166	1
128	166	1
129	166	1
130	166	1
131	166	1
132	166	1
133	166	1
134	166	1
135	166	1
136	166	1
52	167	1
53	167	1
54	167	1
55	167	1
56	167	1
57	167	1
58	167	1
59	167	1
60	167	1
61	167	1
62	167	1
63	167	1
64	167	1
65	167	1
66	167	1
67	167	1
68	167	1
69	167	1
70	167	1
71	167	1
72	167	1
73	167	1
74	167	1
75	167	1
76	167	1
77	167	1
78	167	1
79	167	1
80	167	1
81	167	1
82	167	1
83	167	1
84	167	1
85	167	1
86	167	1
87	167	1
88	167	1
89	167	1
90	167	1
91	167	1
92	167	1
93	167	1
94	167	1
95	167	1
96	167	1
97	167	1
98	167	1
99	167	1
100	167	1
101	167	1
102	167	1
103	167	1
104	167	1
105	167	1
106	167	1
107	167	1
108	167	1
109	167	1
110	167	1
111	167	1
112	167	1
113	167	1
114	167	1
115	167	1
116	167	1
117	167	1
118	167	1
119	167	1
120	167	1
121	167	1
122	167	1
126	167	1
127	167	1
128	167	1
129	167	1
130	167	1
131	167	1
132	167	1
133	167	1
134	167	1
135	167	1
52	168	1
53	168	1
54	168	1
55	168	1
56	168	1
57	168	1
58	168	1
59	168	1
60	168	1
61	168	1
62	168	1
63	168	1
64	168	1
65	168	1
66	168	1
67	168	1
68	168	1
69	168	1
70	168	1
71	168	1
72	168	1
73	168	1
74	168	1
75	168	1
76	168	1
77	168	1
78	168	1
79	168	1
80	168	1
81	168	1
82	168	1
83	168	1
84	168	1
85	168	1
86	168	1
87	168	1
88	168	1
89	168	1
90	168	1
91	168	1
92	168	1
93	168	1
94	168	1
95	168	1
96	168	1
97	168	1
98	168	1
99	168	1
100	168	1
101	168	1
102	168	1
103	168	1
104	168	1
105	168	1
106	168	1
107	168	1
108	168	1
109	168	1
110	168	1
111	168	1
112	168	1
113	168	1
114	168	1
115	168	1
116	168	1
117	168	1
118	168	1
119	168	1
120	168	1
121	168	1
125	168	1
126	168	1
127	168	1
128	168	1
129	168	1
130	168	1
131	168	1
132	168	1
133	168	1
134	168	1
135	168	1
52	169	1
53	169	1
54	169	1
55	169	1
56	169	1
57	169	1
58	169	1
61	169	1
62	169	1
63	169	1
64	169	1
65	169	1
66	169	1
67	169	1
68	169	1
69	169	1
70	169	1
71	169	1
72	169	1
73	169	1
74	169	1
75	169	1
76	169	1
77	169	1
78	169	1
79	169	1
80	169	1
81	169	1
82	169	1
83	169	1
84	169	1
85	169	1
86	169	1
87	169	1
88	169	1
89	169	1
90	169	1
91	169	1
92	169	1
93	169	1
94	169	1
95	169	1
96	169	1
97	169	1
98	169	1
99	169	1
100	169	1
101	169	1
102	169	1
103	169	1
104	169	1
105	169	1
106	169	1
107	169	1
108	169	1
109	169	1
110	169	1
111	169	1
112	169	1
113	169	1
114	169	1
115	169	1
116	169	1
117	169	1
118	169	1
119	169	1
120	169	1
121	169	1
125	169	1
126	169	1
127	169	1
128	169	1
129	169	1
130	169	1
131	169	1
132	169	1
133	169	1
134	169	1
52	170	1
53	170	1
54	170	1
55	170	1
56	170	1
57	170	1
58	170	1
60	170	1
61	170	1
62	170	1
63	170	1
64	170	1
65	170	1
66	170	1
67	170	1
68	170	1
69	170	1
70	170	1
71	170	1
72	170	1
73	170	1
74	170	1
75	170	1
76	170	1
77	170	1
78	170	1
79	170	1
80	170	1
81	170	1
82	170	1
83	170	1
84	170	1
85	170	1
86	170	1
87	170	1
88	170	1
89	170	1
90	170	1
91	170	1
92	170	1
93	170	1
94	170	1
95	170	1
96	170	1
97	170	1
98	170	1
99	170	1
100	170	1
101	170	1
102	170	1
103	170	1
104	170	1
105	170	1
106	170	1
107	170	1
108	170	1
109	170	1
110	170	1
111	170	1
112	170	1
113	170	1
114	170	1
115	170	1
116	170	1
117	170	1
118	170	1
119	170	1
120	170	1
127	170	1
128	170	1
129	170	1
130	170	1
131	170	1
132	170	1
133	170	1
134	170	1
51	171	1
52	171	1
53	171	1
54	171	1
55	171	1
56	171	1
57	171	1
58	171	1
61	171	1
62	171	1
63	171	1
64	171	1
65	171	1
66	171	1
67	171	1
68	171	1
69	171	1
70	171	1
71	171	1
72	171	1
73	171	1
74	171	1
75	171	1
76	171	1
77	171	1
78	171	1
79	171	1
80	171	1
81	171	1
82	171	1
83	171	1
84	171	1
85	171	1
86	171	1
87	171	1
88	171	1
89	171	1
90	171	1
91	171	1
92	171	1
93	171	1
94	171	1
95	171	1
96	171	1
97	171	1
98	171	1
99	171	1
100	171	1
101	171	1
102	171	1
103	171	1
104	171	1
105	171	1
106	171	1
107	171	1
108	171	1
109	171	1
110	171	1
111	171	1
112	171	1
113	171	1
114	171	1
115	171	1
116	171	1
117	171	1
127	171	1
128	171	1
129	171	1
130	171	1
131	171	1
132	171	1
133	171	1
51	172	1
52	172	1
53	172	1
54	172	1
55	172	1
56	172	1
57	172	1
58	172	1
59	172	1
66	172	1
70	172	1
71	172	1
72	172	1
73	172	1
74	172	1
75	172	1
76	172	1
77	172	1
78	172	1
79	172	1
80	172	1
81	172	1
82	172	1
83	172	1
84	172	1
85	172	1
86	172	1
87	172	1
88	172	1
89	172	1
90	172	1
91	172	1
92	172	1
93	172	1
94	172	1
95	172	1
96	172	1
97	172	1
98	172	1
100	172	1
101	172	1
102	172	1
103	172	1
104	172	1
105	172	1
106	172	1
107	172	1
108	172	1
109	172	1
110	172	1
111	172	1
112	172	1
113	172	1
114	172	1
115	172	1
116	172	1
117	172	1
128	172	1
129	172	1
130	172	1
131	172	1
132	172	1
133	172	1
51	173	1
52	173	1
53	173	1
54	173	1
55	173	1
56	173	1
57	173	1
58	173	1
59	173	1
70	173	1
71	173	1
72	173	1
73	173	1
74	173	1
75	173	1
76	173	1
77	173	1
78	173	1
79	173	1
80	173	1
81	173	1
82	173	1
83	173	1
84	173	1
85	173	1
86	173	1
87	173	1
88	173	1
89	173	1
90	173	1
91	173	1
92	173	1
93	173	1
94	173	1
95	173	1
96	173	1
97	173	1
101	173	1
102	173	1
103	173	1
104	173	1
105	173	1
109	173	1
110	173	1
111	173	1
112	173	1
113	173	1
114	173	1
115	173	1
116	173	1
128	173	1
129	173	1
130	173	1
131	173	1
132	173	1
51	174	1
52	174	1
53	174	1
54	174	1
55	174	1
56	174	1
59	174	1
71	174	1
72	174	1
73	174	1
74	174	1
75	174	1
76	174	1
77	174	1
78	174	1
79	174	1
80	174	1
81	174	1
82	174	1
83	174	1
84	174	1
85	174	1
86	174	1
87	174	1
88	174	1
89	174	1
90	174	1
91	174	1
92	174	1
93	174	1
94	174	1
95	174	1
96	174	1
97	174	1
102	174	1
103	174	1
104	174	1
105	174	1
110	174	1
111	174	1
112	174	1
113	174	1
114	174	1
115	174	1
128	174	1
129	174	1
130	174	1
131	174	1
132	174	1
50	175	1
51	175	1
52	175	1
53	175	1
54	175	1
55	175	1
56	175	1
72	175	1
73	175	1
74	175	1
75	175	1
76	175	1
77	175	1
78	175	1
79	175	1
80	175	1
81	175	1
82	175	1
83	175	1
84	175	1
85	175	1
86	175	1
87	175	1
88	175	1
89	175	1
90	175	1
91	175	1
92	175	1
93	175	1
94	175	1
95	175	1
96	175	1
97	175	1
101	175	1
102	175	1
103	175	1
104	175	1
105	175	1
127	175	1
128	175	1
129	175	1
130	175	1
131	175	1
50	176	1
51	176	1
52	176	1
53	176	1
54	176	1
55	176	1
56	176	1
72	176	1
73	176	1
74	176	1
75	176	1
76	176	1
77	176	1
78	176	1
79	176	1
80	176	1
81	176	1
82	176	1
83	176	1
84	176	1
85	176	1
86	176	1
87	176	1
88	176	1
89	176	1
90	176	1
91	176	1
92	176	1
93	176	1
94	176	1
95	176	1
96	176	1
97	176	1
101	176	1
102	176	1
103	176	1
104	176	1
105	176	1
106	176	1
127	176	1
128	176	1
129	176	1
130	176	1
131	176	1
50	177	1
51	177	1
52	177	1
53	177	1
54	177	1
55	177	1
56	177	1
73	177	1
74	177	1
75	177	1
76	177	1
77	177	1
78	177	1
79	177	1
80	177	1
81	177	1
82	177	1
83	177	1
84	177	1
85	177	1
86	177	1
87	177	1
88	177	1
89	177	1
90	177	1
91	177	1
92	177	1
93	177	1
94	177	1
95	177	1
96	177	1
97	177	1
102	177	1
103	177	1
104	177	1
105	177	1
106	177	1
107	177	1
127	177	1
128	177	1
129	177	1
130	177	1
49	178	1
50	178	1
51	178	1
52	178	1
53	178	1
55	178	1
56	178	1
74	178	1
75	178	1
76	178	1
77	178	1
78	178	1
79	178	1
80	178	1
81	178	1
82	178	1
83	178	1
84	178	1
85	178	1
86	178	1
87	178	1
88	178	1
89	178	1
90	178	1
91	178	1
92	178	1
93	178	1
94	178	1
95	178	1
96	178	1
97	178	1
101	178	1
102	178	1
103	178	1
104	178	1
105	178	1
106	178	1
107	178	1
122	178	1
123	178	1
127	178	1
128	178	1
129	178	1
130	178	1
49	179	1
50	179	1
51	179	1
52	179	1
53	179	1
55	179	1
56	179	1
74	179	1
75	179	1
76	179	1
77	179	1
78	179	1
79	179	1
80	179	1
81	179	1
82	179	1
83	179	1
84	179	1
85	179	1
86	179	1
87	179	1
88	179	1
89	179	1
90	179	1
91	179	1
92	179	1
93	179	1
94	179	1
95	179	1
96	179	1
97	179	1
100	179	1
101	179	1
102	179	1
103	179	1
104	179	1
105	179	1
106	179	1
107	179	1
115	179	1
116	179	1
117	179	1
118	179	1
121	179	1
122	179	1
127	179	1
128	179	1
129	179	1
48	180	1
49	180	1
50	180	1
51	180	1
52	180	1
53	180	1
55	180	1
56	180	1
57	180	1
75	180	1
76	180	1
77	180	1
78	180	1
79	180	1
80	180	1
81	180	1
82	180	1
83	180	1
84	180	1
85	180	1
86	180	1
87	180	1
88	180	1
89	180	1
90	180	1
91	180	1
92	180	1
93	180	1
94	180	1
95	180	1
96	180	1
97	180	1
98	180	1
99	180	1
100	180	1
101	180	1
102	180	1
103	180	1
104	180	1
105	180	1
106	180	1
107	180	1
108	180	1
109	180	1
110	180	1
111	180	1
112	180	1
113	180	1
114	180	1
115	180	1
116	180	1
117	180	1
118	180	1
119	180	1
120	180	1
121	180	1
122	180	1
123	180	1
127	180	1
128	180	1
129	180	1
48	181	1
49	181	1
50	181	1
51	181	1
52	181	1
53	181	1
56	181	1
57	181	1
75	181	1
76	181	1
77	181	1
78	181	1
79	181	1
80	181	1
81	181	1
82	181	1
83	181	1
84	181	1
85	181	1
86	181	1
87	181	1
88	181	1
89	181	1
90	181	1
91	181	1
92	181	1
93	181	1
94	181	1
95	181	1
96	181	1
97	181	1
98	181	1
99	181	1
100	181	1
101	181	1
102	181	1
103	181	1
104	181	1
105	181	1
106	181	1
107	181	1
108	181	1
109	181	1
110	181	1
111	181	1
112	181	1
113	181	1
114	181	1
115	181	1
116	181	1
117	181	1
118	181	1
119	181	1
120	181	1
121	181	1
122	181	1
123	181	1
124	181	1
125	181	1
126	181	1
127	181	1
128	181	1
47	182	1
48	182	1
49	182	1
50	182	1
52	182	1
53	182	1
56	182	1
57	182	1
76	182	1
77	182	1
78	182	1
79	182	1
80	182	1
81	182	1
82	182	1
83	182	1
84	182	1
85	182	1
86	182	1
87	182	1
88	182	1
89	182	1
90	182	1
91	182	1
92	182	1
93	182	1
94	182	1
95	182	1
96	182	1
97	182	1
98	182	1
99	182	1
100	182	1
101	182	1
102	182	1
103	182	1
104	182	1
105	182	1
106	182	1
107	182	1
108	182	1
109	182	1
110	182	1
111	182	1
112	182	1
113	182	1
114	182	1
115	182	1
116	182	1
117	182	1
118	182	1
119	182	1
120	182	1
121	182	1
122	182	1
123	182	1
124	182	1
125	182	1
126	182	1
127	182	1
128	182	1
47	183	1
48	183	1
49	183	1
77	183	1
78	183	1
79	183	1
80	183	1
81	183	1
82	183	1
83	183	1
84	183	1
85	183	1
86	183	1
87	183	1
88	183	1
89	183	1
90	183	1
91	183	1
92	183	1
93	183	1
94	183	1
95	183	1
96	183	1
97	183	1
98	183	1
99	183	1
100	183	1
101	183	1
102	183	1
103	183	1
104	183	1
105	183	1
106	183	1
107	183	1
108	183	1
109	183	1
110	183	1
111	183	1
112	183	1
113	183	1
114	183	1
115	183	1
116	183	1
117	183	1
118	183	1
119	183	1
120	183	1
121	183	1
122	183	1
123	183	1
124	183	1
125	183	1
126	183	1
127	183	1
46	184	1
47	184	1
48	184	1
77	184	1
78	184	1
79	184	1
80	184	1
81	184	1
82	184	1
83	184	1
84	184	1
85	184	1
86	184	1
87	184	1
88	184	1
89	184	1
90	184	1
91	184	1
92	184	1
93	184	1
94	184	1
95	184	1
96	184	1
97	184	1
98	184	1
99	184	1
100	184	1
101	184	1
102	184	1
103	184	1
104	184	1
105	184	1
106	184	1
107	184	1
108	184	1
109	184	1
110	184	1
111	184	1
112	184	1
113	184	1
114	184	1
115	184	1
116	184	1
117	184	1
118	184	1
119	184	1
120	184	1
121	184	1
122	184	1
123	184	1
124	184	1
125	184	1
126	184	1
46	185	1
47	185	1
78	185	1
79	185	1
80	185	1
81	185	1
82	185	1
83	185	1
84	185	1
85	185	1
86	185	1
87	185	1
88	185	1
89	185	1
90	185	1
91	185	1
92	185	1
93	185	1
94	185	1
95	185	1
96	185	1
97	185	1
98	185	1
99	185	1
100	185	1
101	185	1
102	185	1
103	185	1
104	185	1
105	185	1
106	185	1
107	185	1
108	185	1
109	185	1
110	185	1
111	185	1
112	185	1
113	185	1
114	185	1
115	185	1
116	185	1
117	185	1
118	185	1
119	185	1
120	185	1
121	185	1
122	185	1
123	185	1
124	185	1
125	185	1
45	186	1
46	186	1
47	186	1
78	186	1
79	186	1
80	186	1
81	186	1
82	186	1
83	186	1
84	186	1
85	186	1
86	186	1
87	186	1
88	186	1
89	186	1
90	186	1
91	186	1
92	186	1
93	186	1
94	186	1
95	186	1
96	186	1
97	186	1
98	186	1
99	186	1
100	186	1
101	186	1
102	186	1
103	186	1
104	186	1
105	186	1
106	186	1
107	186	1
108	186	1
109	186	1
110	186	1
111	186	1
112	186	1
113	186	1
114	186	1
115	186	1
116	186	1
117	186	1
118	186	1
119	186	1
120	186	1
121	186	1
122	186	1
123	186	1
124	186	1
44	187	1
45	187	1
46	187	1
78	187	1
79	187	1
80	187	1
81	187	1
82	187	1
83	187	1
84	187	1
85	187	1
86	187	1
87	187	1
88	187	1
89	187	1
90	187	1
91	187	1
92	187	1
93	187	1
94	187	1
95	187	1
96	187	1
97	187	1
98	187	1
99	187	1
100	187	1
101	187	1
102	187	1
103	187	1
104	187	1
105	187	1
106	187	1
107	187	1
108	187	1
109	187	1
110	187	1
111	187	1
112	187	1
113	187	1
114	187	1
115	187	1
116	187	1
117	187	1
118	187	1
119	187	1
120	187	1
121	187	1
122	187	1
123	187	1
124	187	1
44	188	1
45	188	1
46	188	1
77	188	1
78	188	1
79	188	1
80	188	1
81	188	1
82	188	1
83	188	1
84	188	1
85	188	1
86	188	1
87	188	1
88	188	1
89	188	1
90	188	1
91	188	1
92	188	1
93	188	1
94	188	1
95	188	1
96	188	1
97	188	1
98	188	1
99	188	1
100	188	1
101	188	1
102	188	1
103	188	1
104	188	1
105	188	1
106	188	1
107	188	1
108	188	1
109	188	1
110	188	1
111	188	1
112	188	1
113	188	1
114	188	1
115	188	1
116	188	1
117	188	1
118	188	1
119	188	1
120	188	1
121	188	1
122	188	1
43	189	1
44	189	1
77	189	1
78	189	1
79	189	1
80	189	1
81	189	1
82	189	1
83	189	1
84	189	1
85	189	1
86	189	1
87	189	1
88	189	1
89	189	1
90	189	1
91	189	1
92	189	1
93	189	1
94	189	1
95	189	1
96	189	1
97	189	1
98	189	1
99	189	1
100	189	1
101	189	1
102	189	1
103	189	1
104	189	1
105	189	1
106	189	1
107	189	1
108	189	1
109	189	1
110	189	1
111	189	1
112	189	1
113	189	1
114	189	1
115	189	1
116	189	1
117	189	1
118	189	1
119	189	1
120	189	1
121	189	1
77	190	1
78	190	1
79	190	1
80	190	1
81	190	1
82	190	1
83	190	1
84	190	1
85	190	1
86	190	1
87	190	1
88	190	1
89	190	1
90	190	1
91	190	1
92	190	1
93	190	1
94	190	1
95	190	1
96	190	1
97	190	1
98	190	1
99	190	1
100	190	1
101	190	1
102	190	1
103	190	1
104	190	1
105	190	1
106	190	1
107	190	1
108	190	1
109	190	1
110	190	1
111	190	1
112	190	1
113	190	1
114	190	1
115	190	1
116	190	1
117	190	1
118	190	1
119	190	1
120	190	1
78	191	1
79	191	1
80	191	1
81	191	1
82	191	1
83	191	1
84	191	1
85	191	1
86	191	1
87	191	1
88	191	1
89	191	1
90	191	1
91	191	1
92	191	1
93	191	1
94	191	1
95	191	1
96	191	1
97	191	1
98	191	1
99	191	1
100	191	1
101	191	1
102	191	1
103	191	1
104	191	1
105	191	1
106	191	1
107	191	1
108	191	1
109	191	1
110	191	1
111	191	1
112	191	1
113	191	1
114	191	1
115	191	1
116	191	1
80	192	1
81	192	1
82	192	1
83	192	1
84	192	1
85	192	1
86	192	1
87	192	1
88	192	1
89	192	1
90	192	1
91	192	1
92	192	1
93	192	1
94	192	1
95	192	1
96	192	1
97	192	1
98	192	1
99	192	1
100	192	1
101	192	1
102	192	1
103	192	1
104	192	1
105	192	1
106	192	1
107	192	1
108	192	1
109	192	1
110	192	1
111	192	1
81	193	1
82	193	1
83	193	1
86	193	1
87	193	1
88	193	1
89	193	1
90	193	1
91	193	1
92	193	1
93	193	1
94	193	1
95	193	1
96	193	1
97	193	1
98	193	1
99	193	1
100	193	1
101	193	1
102	193	1
103	193	1
104	193	1
105	193	1
106	193	1
107	193	1
108	193	1
109	193	1
110	193	1
111	193	1
82	194	1
83	194	1
87	194	1
88	194	1
89	194	1
90	194	1
91	194	1
92	194	1
93	194	1
94	194	1
95	194	1
96	194	1
97	194	1
98	194	1
99	194	1
100	194	1
101	194	1
102	194	1
103	194	1
104	194	1
105	194	1
106	194	1
107	194	1
108	194	1
109	194	1
110	194	1
82	195	1
83	195	1
84	195	1
85	195	1
88	195	1
89	195	1
90	195	1
91	195	1
92	195	1
93	195	1
94	195	1
95	195	1
96	195	1
97	195	1
98	195	1
99	195	1
100	195	1
101	195	1
102	195	1
103	195	1
104	195	1
105	195	1
106	195	1
107	195	1
108	195	1
109	195	1
110	195	1
83	196	1
84	196	1
85	196	1
86	196	1
88	196	1
89	196	1
90	196	1
91	196	1
92	196	1
93	196	1
94	196	1
95	196	1
96	196	1
98	196	1
99	196	1
100	196	1
101	196	1
102	196	1
103	196	1
104	196	1
105	196	1
106	196	1
107	196	1
108	196	1
109	196	1
110	196	1
83	197	1
84	197	1
85	197	1
86	197	1
87	197	1
89	197	1
90	197	1
91	197	1
92	197	1
93	197	1
94	197	1
95	197	1
96	197	1
99	197	1
100	197	1
102	197	1
103	197	1
104	197	1
105	197	1
106	197	1
107	197	1
108	197	1
109	197	1
110	197	1
84	198	1
85	198	1
86	198	1
87	198	1
88	198	1
90	198	1
91	198	1
92	198	1
93	198	1
95	198	1
96	198	1
102	198	1
103	198	1
104	198	1
105	198	1
106	198	1
107	198	1
108	198	1
109	198	1
110	198	1
86	199	1
87	199	1
88	199	1
92	199	1
101	199	1
102	199	1
103	199	1
104	199	1
105	199	1
106	199	1
107	199	1
108	199	1
109	199	1
110	199	1
